X/C          CP            

0.999928      0.700949     
0.999659      0.601847     
0.999147      0.557226     
0.998404      0.518978     
0.997440      0.489299     
0.996259      0.462956     
0.994867      0.440685     
0.993267      0.420754     
0.991463      0.402533     
0.989458      0.385304     
0.987255      0.369733     
0.984857      0.355206     
0.982267      0.340720     
0.979488      0.327332     
0.976521      0.315132     
0.973371      0.302936     
0.970039      0.291025     
0.966528      0.279790     
0.962840      0.268947     
0.958979      0.258381     
0.954946      0.248202     
0.950743      0.238488     
0.946375      0.229054     
0.941842      0.219598     
0.937148      0.210265     
0.932296      0.201281     
0.927286      0.192760     
0.922123      0.184509     
0.916809      0.176321     
0.911346      0.168256     
0.905738      0.160316     
0.899985      0.152454     
0.894092      0.144974     
0.888061      0.137969     
0.881894      0.130884     
0.875594      0.123730     
0.869164      0.116925     
0.862607      0.110417    
0.855924      0.104040    
0.849119      0.097796    
0.842195      0.091768    
0.835154      0.086022    
0.827999      0.080507    
0.820733      0.075148    
0.813358      0.069915    
0.805878      0.064905    
0.798294      0.060250    
0.790610      0.055940    
0.782828      0.051890    
0.774952      0.048060    
0.766984      0.044644    
0.758927      0.041841    
0.750783      0.039390    
0.742556      0.037208    
0.734249      0.035597    
0.725863      0.034636    
0.717403      0.034230    
0.708870      0.034528    
0.700268      0.035705    
0.691599      0.038191    
0.682867      0.042792    
0.674074      0.047891    
0.665224      0.069937    
0.656318     -0.030693    
0.647359     -0.292239    
0.638352     -0.637680    
0.629298     -0.783132    
0.620201     -0.798925    
0.611063     -0.800609    
0.601888     -0.798002    
0.592677     -0.796791    
0.583435     -0.794653    
0.574163     -0.793118    
0.564866     -0.791016    
0.555545     -0.789237    
0.546204     -0.787160    
0.536846     -0.784804    
0.527474     -0.782359    
0.518090     -0.780107    
0.508698     -0.777637    
0.499300     -0.774881    
0.489900     -0.771951    
0.480500     -0.768859    
0.471105     -0.765605    
0.461715     -0.762336    
0.452335     -0.758978    
0.442968     -0.755315    
0.433616     -0.751424    
0.424283     -0.747422    
0.414971     -0.743220    
0.405685     -0.738758    
0.396425     -0.734106    
0.387197     -0.729384    
0.378003     -0.724574    
0.368846     -0.719392    
0.359728     -0.713817    
0.350654     -0.708106    
0.341627     -0.702233    
0.332648     -0.696071    
0.323722     -0.689697    
0.314852     -0.683107    
0.306041     -0.676163    
0.297291     -0.668945    
0.288606     -0.661591    
0.279990     -0.653996    
0.271445     -0.646046    
0.262974     -0.637725    
0.254581     -0.629080    
0.246268     -0.620153    
0.238040     -0.610928    
0.229898     -0.601339    
0.221847     -0.591331    
0.213889     -0.581031    
0.206028     -0.570556    
0.198265     -0.559806    
0.190606     -0.548596    
0.183052     -0.536774    
0.175608     -0.524409    
0.168275     -0.511658    
0.161058     -0.498679    
0.153958     -0.485375    
0.146980     -0.471524    
0.140126     -0.457025    
0.133399     -0.441883    
0.126803     -0.426138    
0.120339     -0.410006    
0.114012     -0.393500    
0.107824     -0.376084    
0.101778     -0.357739    
0.095878     -0.338969    
0.090125     -0.319419    
0.084522     -0.298606    
0.079073     -0.276751    
0.073781     -0.253966    
0.068647     -0.230046    
0.063676     -0.204730    
0.058869     -0.178115    
0.054229     -0.150316    
0.049759     -0.120444    
0.045461     -0.088060    
0.041339     -0.054055    
0.037394     -0.017853    
0.033630      0.021717    
0.030049      0.064404    
0.026653      0.110484    
0.023445      0.160855    
0.020428      0.215894    
0.017604      0.276003    
0.014976      0.341814    
0.012548      0.414323    
0.010322      0.494021     
0.008302      0.580603     
0.006492      0.673750     
0.004896      0.772488     
0.003518      0.874187     
0.002365      0.973705     
0.001440      1.063722     
0.000746      1.135317     
0.000286      1.179399     
0.000057      1.189493     
0.000057      1.163268     
0.000286      1.101703     
0.000746      1.010088     
0.001440      0.897387     
0.002365      0.774035     
0.003518      0.649079     
0.004896      0.529351     
0.006492      0.418021     
0.008302      0.316369     
0.010322      0.224681    
0.012548      0.142367    
0.014976      0.069107    
0.017604      0.003904    
0.020428     -0.054734    
0.023445     -0.107791    
0.026653     -0.155758    
0.030049     -0.199105    
0.033630     -0.238912    
0.037394     -0.275530    
0.041339     -0.308630    
0.045461     -0.339489    
0.049759     -0.368927    
0.054229     -0.395990    
0.058869     -0.420906    
0.063676     -0.444569    
0.068647     -0.467008    
0.073781     -0.488163    
0.079073     -0.508303    
0.084522     -0.527695    
0.090125     -0.546243    
0.095878     -0.563637    
0.101778     -0.580263    
0.107824     -0.596544    
0.114012     -0.612019    
0.120339     -0.626626    
0.126803     -0.640842    
0.133399     -0.654700    
0.140126     -0.668054    
0.146980     -0.680878    
0.153958     -0.693163    
0.161058     -0.704960    
0.168275     -0.716449    
0.175608     -0.727735    
0.183052     -0.738711    
0.190606     -0.749245    
0.198265     -0.759276    
0.206028     -0.768900    
0.213889     -0.778274    
0.221847     -0.787496    
0.229898     -0.796480    
0.238040     -0.805109    
0.246268     -0.813423    
0.254581     -0.821481    
0.262974     -0.829308    
0.271445     -0.836871    
0.279990     -0.844124    
0.288606     -0.851075    
0.297291     -0.857817    
0.306041     -0.864448    
0.314852     -0.870860    
0.323722     -0.876970    
0.332648     -0.882894    
0.341627     -0.888650    
0.350654     -0.894161    
0.359728     -0.899527    
0.368846     -0.904797    
0.378003     -0.909748    
0.387197     -0.914378    
0.396425     -0.918925    
0.405685     -0.923422    
0.414971     -0.927776    
0.424283     -0.931914    
0.433616     -0.935872    
0.442968     -0.939750    
0.452335     -0.943451    
0.461715     -0.946898    
0.471105     -0.950266    
0.480500     -0.953630    
0.489900     -0.956868    
0.499300     -0.959979    
0.508698     -0.962966    
0.518090     -0.965706    
0.527474     -0.968272    
0.536846     -0.970973    
0.546204     -0.973697    
0.555545     -0.976111    
0.564866     -0.978394    
0.574163     -0.980737    
0.583435     -0.983043    
0.592677     -0.985250    
0.601888     -0.987359    
0.611063     -0.989303    
0.620201     -0.991136    
0.629298     -0.993127    
0.638352     -0.995230    
0.647359     -0.997088    
0.656318     -0.998689    
0.665224     -1.000272    
0.674074     -1.002070    
0.682867     -1.003973       
0.691599     -1.005584    
0.700268     -1.007055    
0.708870     -1.008698    
0.717403     -1.010353    
0.725863     -1.011926    
0.734249     -1.013515    
0.742556     -1.015043    
0.750783     -1.016394    
0.758927     -1.017843    
0.766984     -1.019442    
0.774952     -1.021053    
0.782828     -1.022467    
0.790610     -1.023999    
0.798294     -1.025368    
0.805878     -1.027157    
0.813358     -1.028270    
0.820733     -1.030122    
0.827999     -1.030858    
0.835154     -1.034032    
0.842195     -1.032085    
0.849119     -1.016302    
0.855924     -0.855898    
0.862607     -0.426769    
0.869164     -0.036959    
0.875594      0.179289    
0.881894      0.153371    
0.888061      0.163183    
0.894092      0.170857    
0.899985      0.176641    
0.905738      0.182933    
0.911346      0.189877    
0.916809      0.197022    
0.922123      0.204284    
0.927286      0.211673    
0.932296      0.219372    
0.937148      0.227522    
0.941842      0.236015    
0.946375      0.244672    
0.950743      0.253367    
0.954946      0.262361    
0.958979      0.271801    
0.962840      0.281616    
0.966528      0.291726    
0.970039      0.302229    
0.973371      0.313366    
0.976521      0.324820    
0.979488      0.336351    
0.982267      0.348981    
0.984857      0.362633    
0.987255      0.376409    
0.989458      0.391224    
0.991463      0.407572    
0.993267      0.424931    
0.994867      0.443929    
0.996259      0.465195    
0.997440      0.490060    
0.998404      0.518290    
0.999147      0.553867    
0.999659      0.595299    
0.999928      0.672615    