682 1360
1 -5.00000000000000e+00 -5.00000000000000e+00 -5.00000000000000e+00
2 -5.00000000000000e+00 5.00000000000000e+00 -5.00000000000000e+00
3 5.00000000000000e+00 -5.00000000000000e+00 -5.00000000000000e+00
4 5.00000000000000e+00 5.00000000000000e+00 -5.00000000000000e+00
5 -5.00000000000000e+00 -5.00000000000000e+00 5.00000000000000e+00
6 -5.00000000000000e+00 5.00000000000000e+00 5.00000000000000e+00
7 5.00000000000000e+00 -5.00000000000000e+00 5.00000000000000e+00
8 5.00000000000000e+00 5.00000000000000e+00 5.00000000000000e+00
17 -5.00000000000000e+00 -4.00000000000000e+00 -5.00000000000000e+00
18 -5.00000000000000e+00 -3.00000000000000e+00 -5.00000000000000e+00
19 -5.00000000000000e+00 -2.00000000000000e+00 -5.00000000000000e+00
20 -5.00000000000000e+00 -1.00000000000000e+00 -5.00000000000000e+00
21 -5.00000000000000e+00 0.00000000000000e+00 -5.00000000000000e+00
22 -5.00000000000000e+00 1.00000000000000e+00 -5.00000000000000e+00
23 -5.00000000000000e+00 2.00000000000000e+00 -5.00000000000000e+00
24 -5.00000000000000e+00 3.00000000000000e+00 -5.00000000000000e+00
25 -5.00000000000000e+00 4.00000000000000e+00 -5.00000000000000e+00
26 5.00000000000000e+00 -4.00000000000000e+00 -5.00000000000000e+00
27 5.00000000000000e+00 -3.00000000000000e+00 -5.00000000000000e+00
28 5.00000000000000e+00 -2.00000000000000e+00 -5.00000000000000e+00
29 5.00000000000000e+00 -1.00000000000000e+00 -5.00000000000000e+00
30 5.00000000000000e+00 0.00000000000000e+00 -5.00000000000000e+00
31 5.00000000000000e+00 1.00000000000000e+00 -5.00000000000000e+00
32 5.00000000000000e+00 2.00000000000000e+00 -5.00000000000000e+00
33 5.00000000000000e+00 3.00000000000000e+00 -5.00000000000000e+00
34 5.00000000000000e+00 4.00000000000000e+00 -5.00000000000000e+00
35 -4.00000000000000e+00 -5.00000000000000e+00 -5.00000000000000e+00
36 -3.00000000000000e+00 -5.00000000000000e+00 -5.00000000000000e+00
37 -2.00000000000000e+00 -5.00000000000000e+00 -5.00000000000000e+00
38 -1.00000000000000e+00 -5.00000000000000e+00 -5.00000000000000e+00
39 0.00000000000000e+00 -5.00000000000000e+00 -5.00000000000000e+00
40 1.00000000000000e+00 -5.00000000000000e+00 -5.00000000000000e+00
41 2.00000000000000e+00 -5.00000000000000e+00 -5.00000000000000e+00
42 3.00000000000000e+00 -5.00000000000000e+00 -5.00000000000000e+00
43 4.00000000000000e+00 -5.00000000000000e+00 -5.00000000000000e+00
44 -4.00000000000000e+00 5.00000000000000e+00 -5.00000000000000e+00
45 -3.00000000000000e+00 5.00000000000000e+00 -5.00000000000000e+00
46 -2.00000000000000e+00 5.00000000000000e+00 -5.00000000000000e+00
47 -1.00000000000000e+00 5.00000000000000e+00 -5.00000000000000e+00
48 0.00000000000000e+00 5.00000000000000e+00 -5.00000000000000e+00
49 1.00000000000000e+00 5.00000000000000e+00 -5.00000000000000e+00
50 2.00000000000000e+00 5.00000000000000e+00 -5.00000000000000e+00
51 3.00000000000000e+00 5.00000000000000e+00 -5.00000000000000e+00
52 4.00000000000000e+00 5.00000000000000e+00 -5.00000000000000e+00
53 -5.00000000000000e+00 -4.00000000000000e+00 5.00000000000000e+00
54 -5.00000000000000e+00 -3.00000000000000e+00 5.00000000000000e+00
55 -5.00000000000000e+00 -2.00000000000000e+00 5.00000000000000e+00
56 -5.00000000000000e+00 -1.00000000000000e+00 5.00000000000000e+00
57 -5.00000000000000e+00 0.00000000000000e+00 5.00000000000000e+00
58 -5.00000000000000e+00 1.00000000000000e+00 5.00000000000000e+00
59 -5.00000000000000e+00 2.00000000000000e+00 5.00000000000000e+00
60 -5.00000000000000e+00 3.00000000000000e+00 5.00000000000000e+00
61 -5.00000000000000e+00 4.00000000000000e+00 5.00000000000000e+00
62 -5.00000000000000e+00 -5.00000000000000e+00 -4.00000000000000e+00
63 -5.00000000000000e+00 -5.00000000000000e+00 -3.00000000000000e+00
64 -5.00000000000000e+00 -5.00000000000000e+00 -2.00000000000000e+00
65 -5.00000000000000e+00 -5.00000000000000e+00 -1.00000000000000e+00
66 -5.00000000000000e+00 -5.00000000000000e+00 0.00000000000000e+00
67 -5.00000000000000e+00 -5.00000000000000e+00 1.00000000000000e+00
68 -5.00000000000000e+00 -5.00000000000000e+00 2.00000000000000e+00
69 -5.00000000000000e+00 -5.00000000000000e+00 3.00000000000000e+00
70 -5.00000000000000e+00 -5.00000000000000e+00 4.00000000000000e+00
71 -5.00000000000000e+00 5.00000000000000e+00 -4.00000000000000e+00
72 -5.00000000000000e+00 5.00000000000000e+00 -3.00000000000000e+00
73 -5.00000000000000e+00 5.00000000000000e+00 -2.00000000000000e+00
74 -5.00000000000000e+00 5.00000000000000e+00 -1.00000000000000e+00
75 -5.00000000000000e+00 5.00000000000000e+00 0.00000000000000e+00
76 -5.00000000000000e+00 5.00000000000000e+00 1.00000000000000e+00
77 -5.00000000000000e+00 5.00000000000000e+00 2.00000000000000e+00
78 -5.00000000000000e+00 5.00000000000000e+00 3.00000000000000e+00
79 -5.00000000000000e+00 5.00000000000000e+00 4.00000000000000e+00
80 5.00000000000000e+00 -4.00000000000000e+00 5.00000000000000e+00
81 5.00000000000000e+00 -3.00000000000000e+00 5.00000000000000e+00
82 5.00000000000000e+00 -2.00000000000000e+00 5.00000000000000e+00
83 5.00000000000000e+00 -1.00000000000000e+00 5.00000000000000e+00
84 5.00000000000000e+00 0.00000000000000e+00 5.00000000000000e+00
85 5.00000000000000e+00 1.00000000000000e+00 5.00000000000000e+00
86 5.00000000000000e+00 2.00000000000000e+00 5.00000000000000e+00
87 5.00000000000000e+00 3.00000000000000e+00 5.00000000000000e+00
88 5.00000000000000e+00 4.00000000000000e+00 5.00000000000000e+00
89 5.00000000000000e+00 -5.00000000000000e+00 -4.00000000000000e+00
90 5.00000000000000e+00 -5.00000000000000e+00 -3.00000000000000e+00
91 5.00000000000000e+00 -5.00000000000000e+00 -2.00000000000000e+00
92 5.00000000000000e+00 -5.00000000000000e+00 -1.00000000000000e+00
93 5.00000000000000e+00 -5.00000000000000e+00 0.00000000000000e+00
94 5.00000000000000e+00 -5.00000000000000e+00 1.00000000000000e+00
95 5.00000000000000e+00 -5.00000000000000e+00 2.00000000000000e+00
96 5.00000000000000e+00 -5.00000000000000e+00 3.00000000000000e+00
97 5.00000000000000e+00 -5.00000000000000e+00 4.00000000000000e+00
98 5.00000000000000e+00 5.00000000000000e+00 -4.00000000000000e+00
99 5.00000000000000e+00 5.00000000000000e+00 -3.00000000000000e+00
100 5.00000000000000e+00 5.00000000000000e+00 -2.00000000000000e+00
101 5.00000000000000e+00 5.00000000000000e+00 -1.00000000000000e+00
102 5.00000000000000e+00 5.00000000000000e+00 0.00000000000000e+00
103 5.00000000000000e+00 5.00000000000000e+00 1.00000000000000e+00
104 5.00000000000000e+00 5.00000000000000e+00 2.00000000000000e+00
105 5.00000000000000e+00 5.00000000000000e+00 3.00000000000000e+00
106 5.00000000000000e+00 5.00000000000000e+00 4.00000000000000e+00
107 -4.00000000000000e+00 -5.00000000000000e+00 5.00000000000000e+00
108 -3.00000000000000e+00 -5.00000000000000e+00 5.00000000000000e+00
109 -2.00000000000000e+00 -5.00000000000000e+00 5.00000000000000e+00
110 -1.00000000000000e+00 -5.00000000000000e+00 5.00000000000000e+00
111 0.00000000000000e+00 -5.00000000000000e+00 5.00000000000000e+00
112 1.00000000000000e+00 -5.00000000000000e+00 5.00000000000000e+00
113 2.00000000000000e+00 -5.00000000000000e+00 5.00000000000000e+00
114 3.00000000000000e+00 -5.00000000000000e+00 5.00000000000000e+00
115 4.00000000000000e+00 -5.00000000000000e+00 5.00000000000000e+00
116 -4.00000000000000e+00 5.00000000000000e+00 5.00000000000000e+00
117 -3.00000000000000e+00 5.00000000000000e+00 5.00000000000000e+00
118 -2.00000000000000e+00 5.00000000000000e+00 5.00000000000000e+00
119 -1.00000000000000e+00 5.00000000000000e+00 5.00000000000000e+00
120 0.00000000000000e+00 5.00000000000000e+00 5.00000000000000e+00
121 1.00000000000000e+00 5.00000000000000e+00 5.00000000000000e+00
122 2.00000000000000e+00 5.00000000000000e+00 5.00000000000000e+00
123 3.00000000000000e+00 5.00000000000000e+00 5.00000000000000e+00
124 4.00000000000000e+00 5.00000000000000e+00 5.00000000000000e+00
1237 -4.13294005220543e+00 -3.63023458399317e+00 -5.00000000000000e+00
1238 -4.14281583235754e+00 -1.54034999572809e+00 -5.00000000000000e+00
1239 -4.15052886190077e+00 4.63831204087143e-01 -5.00000000000000e+00
1240 -4.11529520612187e+00 2.45439058136917e+00 -5.00000000000000e+00
1241 -3.62119878162047e+00 4.11503696224050e+00 -5.00000000000000e+00
1242 -1.52283507763314e+00 4.12533854502745e+00 -5.00000000000000e+00
1243 4.79952544459241e-01 4.14977878468783e+00 -5.00000000000000e+00
1244 2.46134699395862e+00 4.11548753353872e+00 -5.00000000000000e+00
1245 4.11823626521492e+00 3.62094217298612e+00 -5.00000000000000e+00
1246 4.13312910630445e+00 1.52066947641471e+00 -5.00000000000000e+00
1247 4.15256625984005e+00 -4.81622267489327e-01 -5.00000000000000e+00
1248 4.11532862750106e+00 -2.46120054563215e+00 -5.00000000000000e+00
1249 3.61969965017402e+00 -4.11743228690323e+00 -5.00000000000000e+00
1250 1.51117744363198e+00 -4.12650192373668e+00 -5.00000000000000e+00
1251 -5.11174648954715e-01 -4.12340114168501e+00 -5.00000000000000e+00
1252 -2.48524257777641e+00 -4.10997376694830e+00 -5.00000000000000e+00
1253 -4.11305993526488e+00 -2.57599110168372e+00 -5.00000000000000e+00
1254 -4.14729798922606e+00 -5.34295275443355e-01 -5.00000000000000e+00
1255 -4.14177148560395e+00 1.46502175670125e+00 -5.00000000000000e+00
1256 -4.16127081794754e+00 3.34935510086618e+00 -5.00000000000000e+00
1257 -2.56248847380676e+00 4.08419909391380e+00 -5.00000000000000e+00
1258 -5.14047454308963e-01 4.14394104710106e+00 -5.00000000000000e+00
1259 1.47567789924096e+00 4.14152037139406e+00 -5.00000000000000e+00
1260 3.35317803173288e+00 4.16149264989964e+00 -5.00000000000000e+00
1261 4.09085616241243e+00 2.56093383070933e+00 -5.00000000000000e+00
1262 4.15001396839956e+00 5.11453701470742e-01 -5.00000000000000e+00
1263 4.14212473370710e+00 -1.47645102749008e+00 -5.00000000000000e+00
1264 4.16092739226998e+00 -3.35266078010421e+00 -5.00000000000000e+00
1265 2.55745406292503e+00 -4.08778290960179e+00 -5.00000000000000e+00
1266 4.92953279100028e-01 -4.13587967525861e+00 -5.00000000000000e+00
1267 -1.50492966722461e+00 -4.11574951244004e+00 -5.00000000000000e+00
1268 -3.37037216619693e+00 -4.17081570693208e+00 -5.00000000000000e+00
1269 -3.29217151863133e+00 -2.05969369336683e+00 -5.00000000000000e+00
1270 -2.02277194453823e+00 3.23343943224406e+00 -5.00000000000000e+00
1271 -3.15527207251985e+00 3.07455195423491e+00 -5.00000000000000e+00
1272 -3.29560174649507e+00 -6.82018787977565e-02 -5.00000000000000e+00
1273 3.08667195543333e+00 3.15435202141254e+00 -5.00000000000000e+00
1274 9.48271676896979e-01 3.30614596047472e+00 -5.00000000000000e+00
1275 3.15186364818739e+00 -3.08415531762249e+00 -5.00000000000000e+00
1276 3.29977132130527e+00 9.96931966810473e-01 -5.00000000000000e+00
1277 -2.02249185535432e+00 -3.23704490754666e+00 -5.00000000000000e+00
1278 3.30777789010158e+00 -9.49607694882712e-01 -5.00000000000000e+00
1279 3.27257056445153e+00 -1.95925012360743e+00 -5.00000000000000e+00
1280 9.75512330123243e-01 -3.28539195335912e+00 -5.00000000000000e+00
1281 -3.27454037058606e+00 1.94084961727032e+00 -5.00000000000000e+00
1282 -3.29106583655817e+00 -1.05738078791312e+00 -5.00000000000000e+00
1283 -3.14042337282637e+00 -3.17954048640039e+00 -5.00000000000000e+00
1284 2.01036834752836e+00 -3.24378854880150e+00 -5.00000000000000e+00
1285 -2.47201933699994e-02 3.29206290377024e+00 -5.00000000000000e+00
1286 -3.30820301356072e+00 9.20321621304475e-01 -5.00000000000000e+00
1287 -1.02682488278330e+00 -3.22408869115489e+00 -5.00000000000000e+00
1288 -1.00022576916708e+00 3.28430852015600e+00 -5.00000000000000e+00
1289 1.96078964724484e+00 3.27396579744440e+00 -5.00000000000000e+00
1290 3.25088172758886e+00 2.01963136771093e+00 -5.00000000000000e+00
1291 -2.07106001216424e-02 -3.26733771547089e+00 -5.00000000000000e+00
1292 3.30052450714076e+00 2.17474367829604e-02 -5.00000000000000e+00
1293 2.47775310652015e+00 1.42243467590509e+00 -5.00000000000000e+00
1294 2.34763992944065e+00 2.38812227439485e+00 -5.00000000000000e+00
1295 1.37573046589616e+00 2.49726073943515e+00 -5.00000000000000e+00
1296 -1.56044681026775e+00 -2.23273236983413e+00 -5.00000000000000e+00
1297 -4.88094797788568e-01 2.41756896465508e+00 -5.00000000000000e+00
1298 -2.48779517650950e+00 -2.46051714881882e+00 -5.00000000000000e+00
1299 2.43981428515136e+00 -4.39792894184970e-01 -5.00000000000000e+00
1300 -1.42075422529434e+00 2.44738445499462e+00 -5.00000000000000e+00
1301 -5.01525310965524e-01 -2.39514571008189e+00 -5.00000000000000e+00
1302 4.58015874717070e-01 -2.41775780566729e+00 -5.00000000000000e+00
1303 1.40447064347372e+00 -2.46447122979945e+00 -5.00000000000000e+00
1304 2.38102963481813e+00 -2.34054804240914e+00 -5.00000000000000e+00
1305 4.43308531329626e-01 2.43907816443885e+00 -5.00000000000000e+00
1306 2.43995732463380e+00 4.91034549223346e-01 -5.00000000000000e+00
1307 -2.38750266734067e+00 2.31985822612592e+00 -5.00000000000000e+00
1308 2.49183071912719e+00 -1.36950562752229e+00 -5.00000000000000e+00
1309 -2.42886359730335e+00 -5.83190688280243e-01 -5.00000000000000e+00
1310 -2.49604063415197e+00 1.33741586252337e+00 -5.00000000000000e+00
1311 -2.44196239406052e+00 3.84611073219723e-01 -5.00000000000000e+00
1312 1.51360466013007e+00 3.42434727808483e-02 -5.00000000000000e+00
1313 -2.43495184606765e+00 -1.56264375727785e+00 -5.00000000000000e+00
1314 -9.34556062510106e-01 1.54662891575649e+00 -5.00000000000000e+00
1315 -8.65772394020689e-01 -1.58516891690413e+00 -5.00000000000000e+00
1316 1.48643983442653e-03 -1.50768804852619e+00 -5.00000000000000e+00
1317 -1.76901133720105e+00 1.69861835640939e+00 -5.00000000000000e+00
1318 9.22800124800423e-01 -1.57295924951603e+00 -5.00000000000000e+00
1319 1.60579129886856e+00 9.57072975003856e-01 -5.00000000000000e+00
1320 1.74256215529813e+00 1.77566362201254e+00 -5.00000000000000e+00
1321 -1.59562926509094e+00 -1.10919406929094e+00 -5.00000000000000e+00
1322 1.58954619559748e+00 -8.96364040381034e-01 -5.00000000000000e+00
1323 -4.13118984926708e-03 1.50057085623595e+00 -5.00000000000000e+00
1324 -1.52359465108184e+00 -1.13261491302569e-01 -5.00000000000000e+00
1325 9.21085770816914e-01 1.62125212712177e+00 -5.00000000000000e+00
1326 4.96781275064249e-01 -4.99604584435953e-01 -5.00000000000000e+00
1327 -6.40833071463890e-01 -6.78886850060602e-01 -5.00000000000000e+00
1328 1.76023478406168e+00 -1.72897226970990e+00 -5.00000000000000e+00
1329 6.32789743598832e-01 6.44721877992890e-01 -5.00000000000000e+00
1330 -1.60093588690410e+00 8.48456037691698e-01 -5.00000000000000e+00
1331 -5.13811886914654e-01 4.57777256333656e-01 -5.00000000000000e+00
1332 -5.00000000000000e+00 3.59970911869739e+00 -4.12344785732741e+00
1333 -5.00000000000000e+00 1.53487446470665e+00 -4.20952090520078e+00
1334 -5.00000000000000e+00 -4.21637245778421e-01 -4.10624854188746e+00
1335 -5.00000000000000e+00 -2.42312172104513e+00 -4.06234909581114e+00
1336 -5.00000000000000e+00 -4.10880484421300e+00 -3.60723051994955e+00
1337 -5.00000000000000e+00 -4.14276871580413e+00 -1.51935904375519e+00
1338 -5.00000000000000e+00 -4.14620496914861e+00 4.78037378405747e-01
1339 -5.00000000000000e+00 -4.11272259135503e+00 2.46331108817836e+00
1340 -5.00000000000000e+00 -3.62032631330719e+00 4.12064171500802e+00
1341 -5.00000000000000e+00 -1.52189891545360e+00 4.14442697606997e+00
1342 -5.00000000000000e+00 4.83589767491742e-01 4.15558122727342e+00
1343 -5.00000000000000e+00 2.46140621697203e+00 4.10485900803341e+00
1344 -5.00000000000000e+00 4.11921411433205e+00 3.61591681159474e+00
1345 -5.00000000000000e+00 4.15307387521630e+00 1.51455355235778e+00
1346 -5.00000000000000e+00 4.14368727208336e+00 -5.04322008468018e-01
1347 -5.00000000000000e+00 4.06800138875636e+00 -2.46678924140160e+00
1348 -5.00000000000000e+00 2.53948735446724e+00 -4.11128551787937e+00
1349 -5.00000000000000e+00 5.42121767351354e-01 -4.19873171575071e+00
1350 -5.00000000000000e+00 -1.41984807927232e+00 -4.07013506243711e+00
1351 -5.00000000000000e+00 -3.33472355944780e+00 -4.13608153053039e+00
1352 -5.00000000000000e+00 -4.08843899629375e+00 -2.55304334399622e+00
1353 -5.00000000000000e+00 -4.15550501656861e+00 -5.12071307704865e-01
1354 -5.00000000000000e+00 -4.13650143045864e+00 1.47474798292629e+00
1355 -5.00000000000000e+00 -4.16074041905324e+00 3.35542167011272e+00
1356 -5.00000000000000e+00 -2.56228174162456e+00 4.09801877381319e+00
1357 -5.00000000000000e+00 -5.11722102980708e-01 4.16150185950971e+00
1358 -5.00000000000000e+00 1.47740152462935e+00 4.13465940001975e+00
1359 -5.00000000000000e+00 3.35318681952544e+00 4.15486907030519e+00
1360 -5.00000000000000e+00 4.09858911578258e+00 2.55603806021686e+00
1361 -5.00000000000000e+00 4.16925448733278e+00 4.96782602821924e-01
1362 -5.00000000000000e+00 4.09889579347372e+00 -1.49369798680823e+00
1363 -5.00000000000000e+00 4.13263795752828e+00 -3.35536959661574e+00
1364 -5.00000000000000e+00 1.94036213639654e+00 -3.31036915404556e+00
1365 -5.00000000000000e+00 -3.26804064031766e+00 1.96252652228855e+00
1366 -5.00000000000000e+00 -3.04625958579996e+00 -3.10040916887197e+00
1367 -5.00000000000000e+00 2.11376569612217e-01 -3.26399905499458e+00
1368 -5.00000000000000e+00 -3.33160084961499e+00 -9.99591248034956e-01
1369 -5.00000000000000e+00 -3.29226422605494e+00 9.40494226335419e-01
1370 -5.00000000000000e+00 -3.25998686659324e+00 -2.00856456050117e+00
1371 -5.00000000000000e+00 -3.15291458173888e+00 3.09401073316090e+00
1372 -5.00000000000000e+00 -3.28940663243018e+00 -3.93002174725394e-02
1373 -5.00000000000000e+00 -1.00187992553146e+00 3.32657538783464e+00
1374 -5.00000000000000e+00 3.08634786958149e+00 3.13592312490233e+00
1375 -5.00000000000000e+00 9.47700154912138e-01 3.30130290261170e+00
1376 -5.00000000000000e+00 3.35916881186721e+00 9.83611430302324e-01
1377 -5.00000000000000e+00 3.27442666196850e+00 2.00778278709963e+00
1378 -5.00000000000000e+00 1.06155565281806e+00 -3.51907915945586e+00
1379 -5.00000000000000e+00 3.07108744128919e+00 -3.09714856915668e+00
1380 -5.00000000000000e+00 3.24019754043250e+00 -9.86230251649221e-01
1381 -5.00000000000000e+00 -1.86121438236741e+00 -3.13821202138650e+00
1382 -5.00000000000000e+00 -2.02225228604884e+00 3.26879182326680e+00
1383 -5.00000000000000e+00 -7.91181098816805e-01 -3.14399372252484e+00
1384 -5.00000000000000e+00 3.14229712553476e+00 -1.98519875824663e+00
1385 -5.00000000000000e+00 1.95748956286968e+00 3.24551030127284e+00
1386 -5.00000000000000e+00 -2.88290466447263e-02 3.32295486024355e+00
1387 -5.00000000000000e+00 3.33413798958059e+00 -9.97041586706082e-03
1388 -5.00000000000000e+00 -2.48498550938591e+00 1.37441513428578e+00
1389 -5.00000000000000e+00 4.07719333512434e-01 2.47303850901879e+00
1390 -5.00000000000000e+00 2.12953552770276e+00 -2.36244574673529e+00
1391 -5.00000000000000e+00 -2.58830121387689e+00 -1.42529584137162e+00
1392 -5.00000000000000e+00 2.43892109454052e+00 -4.53403561039424e-01
1393 -5.00000000000000e+00 2.27169107850250e+00 -1.39483262605575e+00
1394 -5.00000000000000e+00 -5.12433619993741e-01 2.49115967327052e+00
1395 -5.00000000000000e+00 -2.25807521985932e+00 -2.23563139846364e+00
1396 -5.00000000000000e+00 2.58713763068188e+00 4.62693718946380e-01
1397 -5.00000000000000e+00 -2.38727260485341e+00 2.36183380875002e+00
1398 -5.00000000000000e+00 -2.42434158920890e+00 -5.61083307515173e-01
1399 -5.00000000000000e+00 -2.40393433132905e+00 4.01872478238397e-01
1400 -5.00000000000000e+00 1.08910721667261e+00 -2.67049324055796e+00
1401 -5.00000000000000e+00 3.14662855220638e-02 -2.16162109091219e+00
1402 -5.00000000000000e+00 1.35141979694275e+00 2.44753477767714e+00
1403 -5.00000000000000e+00 -1.43162814209734e+00 2.51091413715743e+00
1404 -5.00000000000000e+00 -1.19228999157845e+00 -2.19493571648314e+00
1405 -5.00000000000000e+00 2.33093668387943e+00 2.33204740415075e+00
1406 -5.00000000000000e+00 1.67000853073139e+00 1.62099505358234e+00
1407 -5.00000000000000e+00 -1.70240881641654e+00 -1.29235806268128e+00
1408 -5.00000000000000e+00 7.82298703644491e-01 1.62581291427195e+00
1409 -5.00000000000000e+00 1.71353928465433e+00 1.02028489401671e-01
1410 -5.00000000000000e+00 2.55402972527116e+00 1.40660766181833e+00
1411 -5.00000000000000e+00 4.21427060683103e-01 -1.03875077590403e+00
1412 -5.00000000000000e+00 -1.09278666524984e-01 1.61986723590958e+00
1413 -5.00000000000000e+00 -6.66255983919458e-01 -1.18287053895565e+00
1414 -5.00000000000000e+00 -1.60107315787053e+00 9.16548813027217e-01
1415 -5.00000000000000e+00 -1.77391046524588e+00 1.76432367882120e+00
1416 -5.00000000000000e+00 1.22429926769323e+00 -1.72770994041001e+00
1417 -5.00000000000000e+00 -9.75500284495818e-01 1.66502546570070e+00
1418 -5.00000000000000e+00 -2.24575386793832e-01 -1.81094033669814e-01
1419 -5.00000000000000e+00 -1.37398564938278e+00 -1.74853080711742e-01
1420 -5.00000000000000e+00 1.46537940591930e+00 -7.83404845358590e-01
1421 -5.00000000000000e+00 1.93200434700790e+00 8.80255316148707e-01
1422 -5.00000000000000e+00 2.71666229665986e-01 7.45494666705400e-01
1423 -5.00000000000000e+00 -6.66002305023131e-01 7.40875845192424e-01
1424 -5.00000000000000e+00 1.14887821418680e+00 8.10583865920462e-01
1425 -5.00000000000000e+00 7.80883183787232e-01 -7.58923397821212e-02
1426 5.00000000000000e+00 -3.63023458399317e+00 -4.13294005220543e+00
1427 5.00000000000000e+00 -1.54034999572809e+00 -4.14281583235754e+00
1428 5.00000000000000e+00 4.63831204087143e-01 -4.15052886190077e+00
1429 5.00000000000000e+00 2.45439058136917e+00 -4.11529520612187e+00
1430 5.00000000000000e+00 4.11503696224050e+00 -3.62119878162047e+00
1431 5.00000000000000e+00 4.12533854502745e+00 -1.52283507763314e+00
1432 5.00000000000000e+00 4.14977878468783e+00 4.79952544459241e-01
1433 5.00000000000000e+00 4.11548753353872e+00 2.46134699395862e+00
1434 5.00000000000000e+00 3.62094217298612e+00 4.11823626521492e+00
1435 5.00000000000000e+00 1.52066947641471e+00 4.13312910630445e+00
1436 5.00000000000000e+00 -4.81622267489327e-01 4.15256625984005e+00
1437 5.00000000000000e+00 -2.46120054563215e+00 4.11532862750106e+00
1438 5.00000000000000e+00 -4.11743228690323e+00 3.61969965017402e+00
1439 5.00000000000000e+00 -4.12650192373668e+00 1.51117744363198e+00
1440 5.00000000000000e+00 -4.12340114168501e+00 -5.11174648954715e-01
1441 5.00000000000000e+00 -4.10997376694830e+00 -2.48524257777641e+00
1442 5.00000000000000e+00 -2.57599110168372e+00 -4.11305993526488e+00
1443 5.00000000000000e+00 -5.34295275443355e-01 -4.14729798922606e+00
1444 5.00000000000000e+00 1.46502175670125e+00 -4.14177148560395e+00
1445 5.00000000000000e+00 3.34935510086618e+00 -4.16127081794754e+00
1446 5.00000000000000e+00 4.08419909391380e+00 -2.56248847380676e+00
1447 5.00000000000000e+00 4.14394104710106e+00 -5.14047454308963e-01
1448 5.00000000000000e+00 4.14152037139406e+00 1.47567789924096e+00
1449 5.00000000000000e+00 4.16149264989964e+00 3.35317803173288e+00
1450 5.00000000000000e+00 2.56093383070933e+00 4.09085616241243e+00
1451 5.00000000000000e+00 5.11453701470742e-01 4.15001396839956e+00
1452 5.00000000000000e+00 -1.47645102749008e+00 4.14212473370710e+00
1453 5.00000000000000e+00 -3.35266078010421e+00 4.16092739226998e+00
1454 5.00000000000000e+00 -4.08778290960179e+00 2.55745406292503e+00
1455 5.00000000000000e+00 -4.13587967525861e+00 4.92953279100028e-01
1456 5.00000000000000e+00 -4.11574951244004e+00 -1.50492966722461e+00
1457 5.00000000000000e+00 -4.17081570693208e+00 -3.37037216619693e+00
1458 5.00000000000000e+00 -2.05969369336683e+00 -3.29217151863133e+00
1459 5.00000000000000e+00 3.23343943224406e+00 -2.02277194453823e+00
1460 5.00000000000000e+00 3.07455195423491e+00 -3.15527207251985e+00
1461 5.00000000000000e+00 -6.82018787977565e-02 -3.29560174649507e+00
1462 5.00000000000000e+00 3.15435202141254e+00 3.08667195543333e+00
1463 5.00000000000000e+00 3.30614596047472e+00 9.48271676896979e-01
1464 5.00000000000000e+00 -3.08415531762249e+00 3.15186364818739e+00
1465 5.00000000000000e+00 9.96931966810473e-01 3.29977132130527e+00
1466 5.00000000000000e+00 -3.23704490754666e+00 -2.02249185535432e+00
1467 5.00000000000000e+00 -9.49607694882712e-01 3.30777789010158e+00
1468 5.00000000000000e+00 -1.95925012360743e+00 3.27257056445153e+00
1469 5.00000000000000e+00 -3.28539195335912e+00 9.75512330123243e-01
1470 5.00000000000000e+00 1.94084961727032e+00 -3.27454037058606e+00
1471 5.00000000000000e+00 -1.05738078791312e+00 -3.29106583655817e+00
1472 5.00000000000000e+00 -3.17954048640039e+00 -3.14042337282637e+00
1473 5.00000000000000e+00 -3.24378854880150e+00 2.01036834752836e+00
1474 5.00000000000000e+00 3.29206290377024e+00 -2.47201933699994e-02
1475 5.00000000000000e+00 9.20321621304475e-01 -3.30820301356072e+00
1476 5.00000000000000e+00 -3.22408869115489e+00 -1.02682488278330e+00
1477 5.00000000000000e+00 3.28430852015600e+00 -1.00022576916708e+00
1478 5.00000000000000e+00 3.27396579744440e+00 1.96078964724484e+00
1479 5.00000000000000e+00 2.01963136771093e+00 3.25088172758886e+00
1480 5.00000000000000e+00 -3.26733771547089e+00 -2.07106001216424e-02
1481 5.00000000000000e+00 2.17474367829604e-02 3.30052450714076e+00
1482 5.00000000000000e+00 1.42243467590509e+00 2.47775310652015e+00
1483 5.00000000000000e+00 2.38812227439485e+00 2.34763992944065e+00
1484 5.00000000000000e+00 2.49726073943515e+00 1.37573046589616e+00
1485 5.00000000000000e+00 -2.23273236983413e+00 -1.56044681026775e+00
1486 5.00000000000000e+00 2.41756896465508e+00 -4.88094797788568e-01
1487 5.00000000000000e+00 -2.46051714881882e+00 -2.48779517650950e+00
1488 5.00000000000000e+00 -4.39792894184970e-01 2.43981428515136e+00
1489 5.00000000000000e+00 2.44738445499462e+00 -1.42075422529434e+00
1490 5.00000000000000e+00 -2.39514571008189e+00 -5.01525310965524e-01
1491 5.00000000000000e+00 -2.41775780566729e+00 4.58015874717070e-01
1492 5.00000000000000e+00 -2.46447122979945e+00 1.40447064347372e+00
1493 5.00000000000000e+00 -2.34054804240914e+00 2.38102963481813e+00
1494 5.00000000000000e+00 2.43907816443885e+00 4.43308531329626e-01
1495 5.00000000000000e+00 4.91034549223346e-01 2.43995732463380e+00
1496 5.00000000000000e+00 2.31985822612592e+00 -2.38750266734067e+00
1497 5.00000000000000e+00 -1.36950562752229e+00 2.49183071912719e+00
1498 5.00000000000000e+00 -5.83190688280243e-01 -2.42886359730335e+00
1499 5.00000000000000e+00 1.33741586252337e+00 -2.49604063415197e+00
1500 5.00000000000000e+00 3.84611073219723e-01 -2.44196239406052e+00
1501 5.00000000000000e+00 3.42434727808483e-02 1.51360466013007e+00
1502 5.00000000000000e+00 -1.56264375727785e+00 -2.43495184606765e+00
1503 5.00000000000000e+00 1.54662891575649e+00 -9.34556062510106e-01
1504 5.00000000000000e+00 -1.58516891690413e+00 -8.65772394020689e-01
1505 5.00000000000000e+00 -1.50768804852619e+00 1.48643983442653e-03
1506 5.00000000000000e+00 1.69861835640939e+00 -1.76901133720105e+00
1507 5.00000000000000e+00 -1.57295924951603e+00 9.22800124800423e-01
1508 5.00000000000000e+00 9.57072975003856e-01 1.60579129886856e+00
1509 5.00000000000000e+00 1.77566362201254e+00 1.74256215529813e+00
1510 5.00000000000000e+00 -1.10919406929094e+00 -1.59562926509094e+00
1511 5.00000000000000e+00 -8.96364040381034e-01 1.58954619559748e+00
1512 5.00000000000000e+00 1.50057085623595e+00 -4.13118984926708e-03
1513 5.00000000000000e+00 -1.13261491302569e-01 -1.52359465108184e+00
1514 5.00000000000000e+00 1.62125212712177e+00 9.21085770816914e-01
1515 5.00000000000000e+00 -4.99604584435953e-01 4.96781275064249e-01
1516 5.00000000000000e+00 -6.78886850060602e-01 -6.40833071463890e-01
1517 5.00000000000000e+00 -1.72897226970990e+00 1.76023478406168e+00
1518 5.00000000000000e+00 6.44721877992890e-01 6.32789743598832e-01
1519 5.00000000000000e+00 8.48456037691698e-01 -1.60093588690410e+00
1520 5.00000000000000e+00 4.57777256333656e-01 -5.13811886914654e-01
1521 -3.61334736420675e+00 -5.00000000000000e+00 -4.11324049198054e+00
1522 -1.51467318568964e+00 -5.00000000000000e+00 -4.12755403491339e+00
1523 4.98250393115782e-01 -5.00000000000000e+00 -4.15855307367477e+00
1524 2.46757526852124e+00 -5.00000000000000e+00 -4.09773905364919e+00
1525 4.12246325229333e+00 -5.00000000000000e+00 -3.61493458787506e+00
1526 4.16060621170161e+00 -5.00000000000000e+00 -1.52051735591469e+00
1527 4.14416678276307e+00 -5.00000000000000e+00 4.86845047408250e-01
1528 4.10099049600357e+00 -5.00000000000000e+00 2.46650325949123e+00
1529 3.62246683492232e+00 -5.00000000000000e+00 4.12504551602868e+00
1530 1.53874944030568e+00 -5.00000000000000e+00 4.16406693588079e+00
1531 -4.59638527334491e-01 -5.00000000000000e+00 4.12493624512346e+00
1532 -2.44677432902904e+00 -5.00000000000000e+00 4.08811042188691e+00
1533 -4.11575894729113e+00 -5.00000000000000e+00 3.61626852990949e+00
1534 -4.14214207445702e+00 -5.00000000000000e+00 1.52710585899581e+00
1535 -4.12423915490267e+00 -5.00000000000000e+00 -4.71363475398901e-01
1536 -4.10713964040801e+00 -5.00000000000000e+00 -2.45635421290279e+00
1537 -2.55146142070904e+00 -5.00000000000000e+00 -4.07801953655582e+00
1538 -5.03795329351203e-01 -5.00000000000000e+00 -4.15921894154234e+00
1539 1.49157859473291e+00 -5.00000000000000e+00 -4.13041725563216e+00
1540 3.35623354741478e+00 -5.00000000000000e+00 -4.15190090550575e+00
1541 4.10792775909491e+00 -5.00000000000000e+00 -2.55819757674973e+00
1542 4.16711733333860e+00 -5.00000000000000e+00 -5.08524307425434e-01
1543 4.12198166564911e+00 -5.00000000000000e+00 1.48227187993059e+00
1544 4.15837472325782e+00 -5.00000000000000e+00 3.35819072139066e+00
1545 2.57324963456055e+00 -5.00000000000000e+00 4.11673663505958e+00
1546 5.30724138947380e-01 -5.00000000000000e+00 4.15703230052586e+00
1547 -1.45569351871696e+00 -5.00000000000000e+00 4.10394497302889e+00
1548 -3.34631178679309e+00 -5.00000000000000e+00 4.14999630145417e+00
1549 -4.09803981765361e+00 -5.00000000000000e+00 2.56347002380201e+00
1550 -4.13611572884112e+00 -5.00000000000000e+00 5.16019340092766e-01
1551 -4.12541268181380e+00 -5.00000000000000e+00 -1.46752749551929e+00
1552 -4.15296160559721e+00 -5.00000000000000e+00 -3.34820451665015e+00
1553 -3.31607968667291e+00 -5.00000000000000e+00 1.02061333824238e+00
1554 9.86696232555736e-01 -5.00000000000000e+00 -3.30031973154540e+00
1555 1.04781722381288e+00 -5.00000000000000e+00 3.35919979411506e+00
1556 3.09522290787185e+00 -5.00000000000000e+00 -3.12558681243125e+00
1557 3.36385028905046e+00 -5.00000000000000e+00 -1.00288830468063e+00
1558 1.97820215144634e+00 -5.00000000000000e+00 -3.21866457884425e+00
1559 3.14590336466056e+00 -5.00000000000000e+00 3.10404301437117e+00
1560 -9.86969378737408e-01 -5.00000000000000e+00 -3.30560909914356e+00
1561 3.26541010556216e+00 -5.00000000000000e+00 9.59527888800573e-01
1562 2.05552515684265e+00 -5.00000000000000e+00 3.31981295334971e+00
1563 1.64632521536111e-03 -5.00000000000000e+00 -3.34278405561640e+00
1564 -3.27838473402641e+00 -5.00000000000000e+00 2.03559567494839e+00
1565 -8.98188132485242e-01 -5.00000000000000e+00 3.22264163172931e+00
1566 -3.07366704526387e+00 -5.00000000000000e+00 3.13008024682134e+00
1567 -1.99586299935271e+00 -5.00000000000000e+00 -3.21509280975720e+00
1568 -3.13178947824555e+00 -5.00000000000000e+00 -3.06667663478364e+00
1569 -3.25941511039423e+00 -5.00000000000000e+00 -9.27454896119167e-01
1570 3.30893323306794e+00 -5.00000000000000e+00 -3.02656087731186e-02
1571 3.30037715181036e+00 -5.00000000000000e+00 -2.01639672877408e+00
1572 8.90713473945618e-02 -5.00000000000000e+00 3.27001120313524e+00
1573 3.22616086294175e+00 -5.00000000000000e+00 1.97229366422368e+00
1574 -1.92439073477018e+00 -5.00000000000000e+00 3.19916979261659e+00
1575 -3.22190777704509e+00 -5.00000000000000e+00 4.49856711426890e-02
1576 -3.26050046202495e+00 -5.00000000000000e+00 -1.95399114936101e+00
1577 -2.38189946952068e+00 -5.00000000000000e+00 6.24193137086245e-01
1578 2.36882403368529e+00 -5.00000000000000e+00 1.39668352421827e+00
1579 -2.59985819032312e+00 -5.00000000000000e+00 1.48332655475657e+00
1580 2.33149158391740e+00 -5.00000000000000e+00 2.37140987699304e+00
1581 -2.31376840827713e+00 -5.00000000000000e+00 2.30531318793326e+00
1582 -1.37959828986671e+00 -5.00000000000000e+00 -2.39978744839296e+00
1583 -2.53086245819274e+00 -5.00000000000000e+00 -1.39560522515881e+00
1584 -1.31433322190542e+00 -5.00000000000000e+00 2.31974795960230e+00
1585 -3.01104284770875e-01 -5.00000000000000e+00 2.32970081044471e+00
1586 6.68028572817602e-01 -5.00000000000000e+00 2.44363302182634e+00
1587 -2.17466401402429e+00 -5.00000000000000e+00 -4.36979268981575e-01
1588 2.62727481372711e+00 -5.00000000000000e+00 -1.43728078154018e+00
1589 -2.32541007313348e+00 -5.00000000000000e+00 -2.27437175077826e+00
1590 1.40011983363041e+00 -5.00000000000000e+00 -2.37606369370721e+00
1591 1.51172640347739e+00 -5.00000000000000e+00 2.65717114376011e+00
1592 4.77849236266792e-01 -5.00000000000000e+00 -2.53564673307246e+00
1593 2.49400745501502e+00 -5.00000000000000e+00 -5.64356472592542e-01
1594 -4.64615117877894e-01 -5.00000000000000e+00 -2.53912398508641e+00
1595 2.34397332611192e+00 -5.00000000000000e+00 -2.28049144759796e+00
1596 2.42340807546116e+00 -5.00000000000000e+00 4.15095617945534e-01
1597 -1.74123158069328e+00 -5.00000000000000e+00 1.43219537507122e+00
1598 1.71545812945206e+00 -5.00000000000000e+00 -1.30219748197064e+00
1599 -7.49870089126259e-01 -5.00000000000000e+00 1.40921144052349e+00
1600 4.18209949576132e-01 -5.00000000000000e+00 1.37806837278949e+00
1601 -1.66133243462473e+00 -5.00000000000000e+00 -1.42491883299738e+00
1602 -1.36412430087349e+00 -5.00000000000000e+00 4.76664826599923e-01
1603 1.49961211308837e+00 -5.00000000000000e+00 8.56475213517282e-01
1604 7.91156205608456e-01 -5.00000000000000e+00 -1.62605952044063e+00
1605 1.45568756722216e+00 -5.00000000000000e+00 1.80901745962635e+00
1606 -7.74071170616674e-01 -5.00000000000000e+00 -1.62193799390137e+00
1607 -9.16939053476664e-01 -5.00000000000000e+00 -5.36075260929019e-01
1608 -3.17735012643447e-01 -5.00000000000000e+00 5.04423067660169e-01
1609 7.06819006655518e-01 -5.00000000000000e+00 3.07354052249156e-01
1610 1.62008126025313e+00 -5.00000000000000e+00 -1.60484289721293e-01
1611 6.99432954899412e-03 -5.00000000000000e+00 -1.87844580540028e+00
1612 8.53539777634360e-01 -5.00000000000000e+00 -6.89118202323157e-01
1613 5.76425345927728e-02 -5.00000000000000e+00 -2.79683032927089e-01
1614 -3.33254492674915e-03 -5.00000000000000e+00 -1.08328124949508e+00
1615 3.61334736420675e+00 5.00000000000000e+00 -4.11324049198054e+00
1616 1.51467318568964e+00 5.00000000000000e+00 -4.12755403491339e+00
1617 -4.98250393115782e-01 5.00000000000000e+00 -4.15855307367477e+00
1618 -2.46757526852124e+00 5.00000000000000e+00 -4.09773905364919e+00
1619 -4.12246325229333e+00 5.00000000000000e+00 -3.61493458787506e+00
1620 -4.16060621170161e+00 5.00000000000000e+00 -1.52051735591469e+00
1621 -4.14416678276307e+00 5.00000000000000e+00 4.86845047408250e-01
1622 -4.10099049600357e+00 5.00000000000000e+00 2.46650325949123e+00
1623 -3.62246683492232e+00 5.00000000000000e+00 4.12504551602868e+00
1624 -1.53874944030568e+00 5.00000000000000e+00 4.16406693588079e+00
1625 4.59638527334491e-01 5.00000000000000e+00 4.12493624512346e+00
1626 2.44677432902904e+00 5.00000000000000e+00 4.08811042188691e+00
1627 4.11575894729113e+00 5.00000000000000e+00 3.61626852990949e+00
1628 4.14214207445702e+00 5.00000000000000e+00 1.52710585899581e+00
1629 4.12423915490267e+00 5.00000000000000e+00 -4.71363475398901e-01
1630 4.10713964040801e+00 5.00000000000000e+00 -2.45635421290279e+00
1631 2.55146142070904e+00 5.00000000000000e+00 -4.07801953655582e+00
1632 5.03795329351203e-01 5.00000000000000e+00 -4.15921894154234e+00
1633 -1.49157859473291e+00 5.00000000000000e+00 -4.13041725563216e+00
1634 -3.35623354741478e+00 5.00000000000000e+00 -4.15190090550575e+00
1635 -4.10792775909491e+00 5.00000000000000e+00 -2.55819757674973e+00
1636 -4.16711733333860e+00 5.00000000000000e+00 -5.08524307425434e-01
1637 -4.12198166564911e+00 5.00000000000000e+00 1.48227187993059e+00
1638 -4.15837472325782e+00 5.00000000000000e+00 3.35819072139066e+00
1639 -2.57324963456055e+00 5.00000000000000e+00 4.11673663505958e+00
1640 -5.30724138947380e-01 5.00000000000000e+00 4.15703230052586e+00
1641 1.45569351871696e+00 5.00000000000000e+00 4.10394497302889e+00
1642 3.34631178679309e+00 5.00000000000000e+00 4.14999630145417e+00
1643 4.09803981765361e+00 5.00000000000000e+00 2.56347002380201e+00
1644 4.13611572884112e+00 5.00000000000000e+00 5.16019340092766e-01
1645 4.12541268181380e+00 5.00000000000000e+00 -1.46752749551929e+00
1646 4.15296160559721e+00 5.00000000000000e+00 -3.34820451665015e+00
1647 3.31607968667291e+00 5.00000000000000e+00 1.02061333824238e+00
1648 -9.86696232555736e-01 5.00000000000000e+00 -3.30031973154540e+00
1649 -1.04781722381288e+00 5.00000000000000e+00 3.35919979411506e+00
1650 -3.09522290787185e+00 5.00000000000000e+00 -3.12558681243125e+00
1651 -3.36385028905046e+00 5.00000000000000e+00 -1.00288830468063e+00
1652 -1.97820215144634e+00 5.00000000000000e+00 -3.21866457884425e+00
1653 -3.14590336466056e+00 5.00000000000000e+00 3.10404301437117e+00
1654 9.86969378737408e-01 5.00000000000000e+00 -3.30560909914356e+00
1655 -3.26541010556216e+00 5.00000000000000e+00 9.59527888800573e-01
1656 -2.05552515684265e+00 5.00000000000000e+00 3.31981295334971e+00
1657 -1.64632521536111e-03 5.00000000000000e+00 -3.34278405561640e+00
1658 3.27838473402641e+00 5.00000000000000e+00 2.03559567494839e+00
1659 8.98188132485242e-01 5.00000000000000e+00 3.22264163172931e+00
1660 3.07366704526387e+00 5.00000000000000e+00 3.13008024682134e+00
1661 1.99586299935271e+00 5.00000000000000e+00 -3.21509280975720e+00
1662 3.13178947824555e+00 5.00000000000000e+00 -3.06667663478364e+00
1663 3.25941511039423e+00 5.00000000000000e+00 -9.27454896119167e-01
1664 -3.30893323306794e+00 5.00000000000000e+00 -3.02656087731186e-02
1665 -3.30037715181036e+00 5.00000000000000e+00 -2.01639672877408e+00
1666 -8.90713473945618e-02 5.00000000000000e+00 3.27001120313524e+00
1667 -3.22616086294175e+00 5.00000000000000e+00 1.97229366422368e+00
1668 1.92439073477018e+00 5.00000000000000e+00 3.19916979261659e+00
1669 3.22190777704509e+00 5.00000000000000e+00 4.49856711426890e-02
1670 3.26050046202495e+00 5.00000000000000e+00 -1.95399114936101e+00
1671 2.38189946952068e+00 5.00000000000000e+00 6.24193137086245e-01
1672 -2.36882403368529e+00 5.00000000000000e+00 1.39668352421827e+00
1673 2.59985819032312e+00 5.00000000000000e+00 1.48332655475657e+00
1674 -2.33149158391740e+00 5.00000000000000e+00 2.37140987699304e+00
1675 2.31376840827713e+00 5.00000000000000e+00 2.30531318793326e+00
1676 1.37959828986671e+00 5.00000000000000e+00 -2.39978744839296e+00
1677 2.53086245819274e+00 5.00000000000000e+00 -1.39560522515881e+00
1678 1.31433322190542e+00 5.00000000000000e+00 2.31974795960230e+00
1679 3.01104284770875e-01 5.00000000000000e+00 2.32970081044471e+00
1680 -6.68028572817602e-01 5.00000000000000e+00 2.44363302182634e+00
1681 2.17466401402429e+00 5.00000000000000e+00 -4.36979268981575e-01
1682 -2.62727481372711e+00 5.00000000000000e+00 -1.43728078154018e+00
1683 2.32541007313348e+00 5.00000000000000e+00 -2.27437175077826e+00
1684 -1.40011983363041e+00 5.00000000000000e+00 -2.37606369370721e+00
1685 -1.51172640347739e+00 5.00000000000000e+00 2.65717114376011e+00
1686 -4.77849236266792e-01 5.00000000000000e+00 -2.53564673307246e+00
1687 -2.49400745501502e+00 5.00000000000000e+00 -5.64356472592542e-01
1688 4.64615117877894e-01 5.00000000000000e+00 -2.53912398508641e+00
1689 -2.34397332611192e+00 5.00000000000000e+00 -2.28049144759796e+00
1690 -2.42340807546116e+00 5.00000000000000e+00 4.15095617945534e-01
1691 1.74123158069328e+00 5.00000000000000e+00 1.43219537507122e+00
1692 -1.71545812945206e+00 5.00000000000000e+00 -1.30219748197064e+00
1693 7.49870089126259e-01 5.00000000000000e+00 1.40921144052349e+00
1694 -4.18209949576132e-01 5.00000000000000e+00 1.37806837278949e+00
1695 1.66133243462473e+00 5.00000000000000e+00 -1.42491883299738e+00
1696 1.36412430087349e+00 5.00000000000000e+00 4.76664826599923e-01
1697 -1.49961211308837e+00 5.00000000000000e+00 8.56475213517282e-01
1698 -7.91156205608456e-01 5.00000000000000e+00 -1.62605952044063e+00
1699 -1.45568756722216e+00 5.00000000000000e+00 1.80901745962635e+00
1700 7.74071170616674e-01 5.00000000000000e+00 -1.62193799390137e+00
1701 9.16939053476664e-01 5.00000000000000e+00 -5.36075260929019e-01
1702 3.17735012643447e-01 5.00000000000000e+00 5.04423067660169e-01
1703 -7.06819006655518e-01 5.00000000000000e+00 3.07354052249156e-01
1704 -1.62008126025313e+00 5.00000000000000e+00 -1.60484289721293e-01
1705 -6.99432954899412e-03 5.00000000000000e+00 -1.87844580540028e+00
1706 -8.53539777634360e-01 5.00000000000000e+00 -6.89118202323157e-01
1707 -5.76425345927728e-02 5.00000000000000e+00 -2.79683032927089e-01
1708 3.33254492674915e-03 5.00000000000000e+00 -1.08328124949508e+00
1709 -4.12344785732741e+00 3.59970911869739e+00 5.00000000000000e+00
1710 -4.20952090520078e+00 1.53487446470665e+00 5.00000000000000e+00
1711 -4.10624854188746e+00 -4.21637245778421e-01 5.00000000000000e+00
1712 -4.06234909581114e+00 -2.42312172104513e+00 5.00000000000000e+00
1713 -3.60723051994955e+00 -4.10880484421300e+00 5.00000000000000e+00
1714 -1.51935904375519e+00 -4.14276871580413e+00 5.00000000000000e+00
1715 4.78037378405747e-01 -4.14620496914861e+00 5.00000000000000e+00
1716 2.46331108817836e+00 -4.11272259135503e+00 5.00000000000000e+00
1717 4.12064171500802e+00 -3.62032631330719e+00 5.00000000000000e+00
1718 4.14442697606997e+00 -1.52189891545360e+00 5.00000000000000e+00
1719 4.15558122727342e+00 4.83589767491742e-01 5.00000000000000e+00
1720 4.10485900803341e+00 2.46140621697203e+00 5.00000000000000e+00
1721 3.61591681159474e+00 4.11921411433205e+00 5.00000000000000e+00
1722 1.51455355235778e+00 4.15307387521630e+00 5.00000000000000e+00
1723 -5.04322008468018e-01 4.14368727208336e+00 5.00000000000000e+00
1724 -2.46678924140160e+00 4.06800138875636e+00 5.00000000000000e+00
1725 -4.11128551787937e+00 2.53948735446724e+00 5.00000000000000e+00
1726 -4.19873171575071e+00 5.42121767351354e-01 5.00000000000000e+00
1727 -4.07013506243711e+00 -1.41984807927232e+00 5.00000000000000e+00
1728 -4.13608153053039e+00 -3.33472355944780e+00 5.00000000000000e+00
1729 -2.55304334399622e+00 -4.08843899629375e+00 5.00000000000000e+00
1730 -5.12071307704865e-01 -4.15550501656861e+00 5.00000000000000e+00
1731 1.47474798292629e+00 -4.13650143045864e+00 5.00000000000000e+00
1732 3.35542167011272e+00 -4.16074041905324e+00 5.00000000000000e+00
1733 4.09801877381319e+00 -2.56228174162456e+00 5.00000000000000e+00
1734 4.16150185950971e+00 -5.11722102980708e-01 5.00000000000000e+00
1735 4.13465940001975e+00 1.47740152462935e+00 5.00000000000000e+00
1736 4.15486907030519e+00 3.35318681952544e+00 5.00000000000000e+00
1737 2.55603806021686e+00 4.09858911578258e+00 5.00000000000000e+00
1738 4.96782602821924e-01 4.16925448733278e+00 5.00000000000000e+00
1739 -1.49369798680823e+00 4.09889579347372e+00 5.00000000000000e+00
1740 -3.35536959661574e+00 4.13263795752828e+00 5.00000000000000e+00
1741 -3.31036915404556e+00 1.94036213639654e+00 5.00000000000000e+00
1742 1.96252652228855e+00 -3.26804064031766e+00 5.00000000000000e+00
1743 -3.10040916887197e+00 -3.04625958579996e+00 5.00000000000000e+00
1744 -3.26399905499458e+00 2.11376569612217e-01 5.00000000000000e+00
1745 -9.99591248034956e-01 -3.33160084961499e+00 5.00000000000000e+00
1746 9.40494226335419e-01 -3.29226422605494e+00 5.00000000000000e+00
1747 -2.00856456050117e+00 -3.25998686659324e+00 5.00000000000000e+00
1748 3.09401073316090e+00 -3.15291458173888e+00 5.00000000000000e+00
1749 -3.93002174725394e-02 -3.28940663243018e+00 5.00000000000000e+00
1750 3.32657538783464e+00 -1.00187992553146e+00 5.00000000000000e+00
1751 3.13592312490233e+00 3.08634786958149e+00 5.00000000000000e+00
1752 3.30130290261170e+00 9.47700154912138e-01 5.00000000000000e+00
1753 9.83611430302324e-01 3.35916881186721e+00 5.00000000000000e+00
1754 2.00778278709963e+00 3.27442666196850e+00 5.00000000000000e+00
1755 -3.51907915945586e+00 1.06155565281806e+00 5.00000000000000e+00
1756 -3.09714856915668e+00 3.07108744128919e+00 5.00000000000000e+00
1757 -9.86230251649221e-01 3.24019754043250e+00 5.00000000000000e+00
1758 -3.13821202138650e+00 -1.86121438236741e+00 5.00000000000000e+00
1759 3.26879182326680e+00 -2.02225228604884e+00 5.00000000000000e+00
1760 -3.14399372252484e+00 -7.91181098816805e-01 5.00000000000000e+00
1761 -1.98519875824663e+00 3.14229712553476e+00 5.00000000000000e+00
1762 3.24551030127284e+00 1.95748956286968e+00 5.00000000000000e+00
1763 3.32295486024355e+00 -2.88290466447263e-02 5.00000000000000e+00
1764 -9.97041586706082e-03 3.33413798958059e+00 5.00000000000000e+00
1765 1.37441513428578e+00 -2.48498550938591e+00 5.00000000000000e+00
1766 2.47303850901879e+00 4.07719333512434e-01 5.00000000000000e+00
1767 -2.36244574673529e+00 2.12953552770276e+00 5.00000000000000e+00
1768 -1.42529584137162e+00 -2.58830121387689e+00 5.00000000000000e+00
1769 -4.53403561039424e-01 2.43892109454052e+00 5.00000000000000e+00
1770 -1.39483262605575e+00 2.27169107850250e+00 5.00000000000000e+00
1771 2.49115967327052e+00 -5.12433619993741e-01 5.00000000000000e+00
1772 -2.23563139846364e+00 -2.25807521985932e+00 5.00000000000000e+00
1773 4.62693718946380e-01 2.58713763068188e+00 5.00000000000000e+00
1774 2.36183380875002e+00 -2.38727260485341e+00 5.00000000000000e+00
1775 -5.61083307515173e-01 -2.42434158920890e+00 5.00000000000000e+00
1776 4.01872478238397e-01 -2.40393433132905e+00 5.00000000000000e+00
1777 -2.67049324055796e+00 1.08910721667261e+00 5.00000000000000e+00
1778 -2.16162109091219e+00 3.14662855220638e-02 5.00000000000000e+00
1779 2.44753477767714e+00 1.35141979694275e+00 5.00000000000000e+00
1780 2.51091413715743e+00 -1.43162814209734e+00 5.00000000000000e+00
1781 -2.19493571648314e+00 -1.19228999157845e+00 5.00000000000000e+00
1782 2.33204740415075e+00 2.33093668387943e+00 5.00000000000000e+00
1783 1.62099505358234e+00 1.67000853073139e+00 5.00000000000000e+00
1784 -1.29235806268128e+00 -1.70240881641654e+00 5.00000000000000e+00
1785 1.62581291427195e+00 7.82298703644491e-01 5.00000000000000e+00
1786 1.02028489401671e-01 1.71353928465433e+00 5.00000000000000e+00
1787 1.40660766181833e+00 2.55402972527116e+00 5.00000000000000e+00
1788 -1.03875077590403e+00 4.21427060683103e-01 5.00000000000000e+00
1789 1.61986723590958e+00 -1.09278666524984e-01 5.00000000000000e+00
1790 -1.18287053895565e+00 -6.66255983919458e-01 5.00000000000000e+00
1791 9.16548813027217e-01 -1.60107315787053e+00 5.00000000000000e+00
1792 1.76432367882120e+00 -1.77391046524588e+00 5.00000000000000e+00
1793 -1.72770994041001e+00 1.22429926769323e+00 5.00000000000000e+00
1794 1.66502546570070e+00 -9.75500284495818e-01 5.00000000000000e+00
1795 -1.81094033669814e-01 -2.24575386793832e-01 5.00000000000000e+00
1796 -1.74853080711742e-01 -1.37398564938278e+00 5.00000000000000e+00
1797 -7.83404845358590e-01 1.46537940591930e+00 5.00000000000000e+00
1798 8.80255316148707e-01 1.93200434700790e+00 5.00000000000000e+00
1799 7.45494666705400e-01 2.71666229665986e-01 5.00000000000000e+00
1800 7.40875845192424e-01 -6.66002305023131e-01 5.00000000000000e+00
1801 8.10583865920462e-01 1.14887821418680e+00 5.00000000000000e+00
1802 -7.58923397821212e-02 7.80883183787232e-01 5.00000000000000e+00
1245 203 1 17 35 
1246 203 17 18 1237 
1247 203 19 20 1238 
1248 203 21 22 1239 
1249 203 23 24 1240 
1250 203 25 2 44 
1251 203 44 45 1241 
1252 203 46 47 1242 
1253 203 48 49 1243 
1254 203 50 51 1244 
1255 203 52 4 34 
1256 203 34 33 1245 
1257 203 32 31 1246 
1258 203 30 29 1247 
1259 203 28 27 1248 
1260 203 26 3 43 
1261 203 43 42 1249 
1262 203 41 40 1250 
1263 203 39 38 1251 
1264 203 37 36 1252 
1265 203 35 17 1237 
1266 203 25 44 1241 
1267 203 52 34 1245 
1268 203 26 43 1249 
1269 203 1237 18 1253 
1270 203 18 19 1253 
1271 203 19 1238 1253 
1272 203 20 21 1254 
1273 203 22 23 1255 
1274 203 24 25 1256 
1275 203 45 46 1257 
1276 203 47 48 1258 
1277 203 49 50 1259 
1278 203 51 52 1260 
1279 203 33 32 1261 
1280 203 31 30 1262 
1281 203 29 28 1263 
1282 203 20 1254 1238 
1283 203 27 26 1264 
1284 203 1249 42 1265 
1285 203 42 41 1265 
1286 203 41 1250 1265 
1287 203 40 39 1266 
1288 203 38 37 1267 
1289 203 36 35 1268 
1290 203 1258 48 1243 
1291 203 27 1264 1248 
1292 203 1239 22 1255 
1293 203 1240 24 1256 
1294 203 1242 47 1258 
1295 203 1243 49 1259 
1296 203 1244 51 1260 
1297 203 1246 31 1262 
1298 203 1247 29 1263 
1299 203 1250 40 1266 
1300 203 1251 38 1267 
1301 203 1252 36 1268 
1302 203 1259 50 1244 
1303 203 1261 32 1246 
1304 203 1262 30 1247 
1305 203 1263 28 1248 
1306 203 1255 23 1240 
1307 203 1254 21 1239 
1308 203 1257 46 1242 
1309 203 45 1257 1241 
1310 203 33 1261 1245 
1311 203 1267 37 1252 
1312 203 1266 39 1251 
1313 203 1253 1238 1269 
1314 203 1257 1242 1270 
1315 203 1240 1256 1271 
1316 203 1254 1239 1272 
1317 203 1245 1261 1273 
1318 203 52 1245 1260 
1319 203 1243 1259 1274 
1320 203 1248 1264 1275 
1321 203 1246 1262 1276 
1322 203 1256 25 1241 
1323 203 1267 1252 1277 
1324 203 26 1249 1264 
1325 203 1247 1263 1278 
1326 203 1263 1248 1279 
1327 203 1278 1263 1279 
1328 203 1248 1275 1279 
1329 203 1250 1266 1280 
1330 203 1255 1240 1281 
1331 203 1240 1271 1281 
1332 203 1238 1254 1282 
1333 203 1269 1238 1282 
1334 203 1254 1272 1282 
1335 203 1237 1253 1283 
1336 203 1253 1269 1283 
1337 203 1265 1250 1284 
1338 203 1250 1280 1284 
1339 203 35 1237 1268 
1340 203 1258 1243 1285 
1341 203 1243 1274 1285 
1342 203 1239 1255 1286 
1343 203 1272 1239 1286 
1344 203 1255 1281 1286 
1345 203 1251 1267 1287 
1346 203 1267 1277 1287 
1347 203 1260 1245 1273 
1348 203 1268 1237 1283 
1349 203 1256 1241 1271 
1350 203 1264 1249 1275 
1351 203 1257 1270 1271 
1352 203 1271 1241 1257 
1353 203 1268 1283 1252 
1354 203 1242 1258 1288 
1355 203 1274 1259 1289 
1356 203 1259 1244 1289 
1357 203 1289 1244 1273 
1358 203 1244 1260 1273 
1359 203 1261 1246 1290 
1360 203 1277 1252 1283 
1361 203 1275 1249 1265 
1362 203 1280 1266 1291 
1363 203 1266 1251 1291 
1364 203 1262 1247 1292 
1365 203 1251 1287 1291 
1366 203 1247 1278 1292 
1367 203 1270 1242 1288 
1368 203 1265 1284 1275 
1369 203 1262 1292 1276 
1370 203 1290 1246 1276 
1371 203 1258 1285 1288 
1372 203 1261 1290 1273 
1373 203 1290 1276 1293 
1374 203 1273 1290 1294 
1375 203 1289 1273 1294 
1376 203 1290 1293 1294 
1377 203 1274 1289 1295 
1378 203 1289 1294 1295 
1379 203 1287 1277 1296 
1380 203 1288 1285 1297 
1381 203 1277 1283 1298 
1382 203 1296 1277 1298 
1383 203 1283 1269 1298 
1384 203 1292 1278 1299 
1385 203 1270 1288 1300 
1386 203 1288 1297 1300 
1387 203 1291 1287 1301 
1388 203 1287 1296 1301 
1389 203 1280 1291 1302 
1390 203 1291 1301 1302 
1391 203 1284 1280 1303 
1392 203 1280 1302 1303 
1393 203 1275 1284 1304 
1394 203 1279 1275 1304 
1395 203 1284 1303 1304 
1396 203 1285 1274 1305 
1397 203 1297 1285 1305 
1398 203 1274 1295 1305 
1399 203 1276 1292 1306 
1400 203 1306 1292 1299 
1401 203 1276 1306 1293 
1402 203 1271 1270 1307 
1403 203 1278 1279 1308 
1404 203 1299 1278 1308 
1405 203 1279 1304 1308 
1406 203 1281 1271 1307 
1407 203 1282 1272 1309 
1408 203 1286 1281 1310 
1409 203 1281 1307 1310 
1410 203 1272 1286 1311 
1411 203 1309 1272 1311 
1412 203 1286 1310 1311 
1413 203 1307 1270 1300 
1414 203 1306 1299 1312 
1415 203 1269 1282 1313 
1416 203 1282 1309 1313 
1417 203 1300 1297 1314 
1418 203 1301 1296 1315 
1419 203 1302 1301 1316 
1420 203 1301 1315 1316 
1421 203 1307 1300 1317 
1422 203 1310 1307 1317 
1423 203 1300 1314 1317 
1424 203 1303 1302 1318 
1425 203 1302 1316 1318 
1426 203 1293 1306 1319 
1427 203 1306 1312 1319 
1428 203 1298 1269 1313 
1429 203 1294 1293 1320 
1430 203 1295 1294 1320 
1431 203 1293 1319 1320 
1432 203 1313 1309 1321 
1433 203 1312 1299 1322 
1434 203 1299 1308 1322 
1435 203 1314 1297 1323 
1436 203 1297 1305 1323 
1437 203 1298 1313 1296 
1438 203 1321 1309 1324 
1439 203 1309 1311 1324 
1440 203 1305 1295 1325 
1441 203 1323 1305 1325 
1442 203 1295 1320 1325 
1443 203 1318 1316 1326 
1444 203 1296 1321 1315 
1445 203 1321 1296 1313 
1446 203 1316 1315 1327 
1447 203 1326 1316 1327 
1448 203 1315 1321 1327 
1449 203 1303 1318 1328 
1450 203 1319 1312 1329 
1451 203 1304 1303 1328 
1452 203 1311 1310 1330 
1453 203 1324 1311 1330 
1454 203 1310 1317 1330 
1455 203 1320 1319 1325 
1456 203 1318 1326 1322 
1457 203 1312 1322 1326 
1458 203 1308 1304 1328 
1459 203 1328 1318 1322 
1460 203 1321 1324 1327 
1461 203 1325 1319 1329 
1462 203 1314 1323 1331 
1463 203 1317 1314 1330 
1464 203 1329 1312 1326 
1465 203 1314 1331 1330 
1466 203 1323 1325 1329 
1467 203 1330 1331 1324 
1468 203 1331 1323 1329 
1469 203 1324 1331 1327 
1470 203 1329 1326 1331 
1471 203 1331 1326 1327 
1472 203 1308 1328 1322 
1473 203 2 25 71 
1474 203 25 24 1332 
1475 203 23 22 1333 
1476 203 21 20 1334 
1477 203 19 18 1335 
1478 203 17 1 62 
1479 203 62 63 1336 
1480 203 64 65 1337 
1481 203 66 67 1338 
1482 203 68 69 1339 
1483 203 70 5 53 
1484 203 53 54 1340 
1485 203 55 56 1341 
1486 203 57 58 1342 
1487 203 59 60 1343 
1488 203 61 6 79 
1489 203 79 78 1344 
1490 203 77 76 1345 
1491 203 75 74 1346 
1492 203 73 72 1347 
1493 203 71 25 1332 
1494 203 17 62 1336 
1495 203 70 53 1340 
1496 203 61 79 1344 
1497 203 1332 24 1348 
1498 203 24 23 1348 
1499 203 23 1333 1348 
1500 203 22 21 1349 
1501 203 20 19 1350 
1502 203 18 17 1351 
1503 203 1336 63 1352 
1504 203 63 64 1352 
1505 203 64 1337 1352 
1506 203 65 66 1353 
1507 203 67 68 1354 
1508 203 69 70 1355 
1509 203 54 55 1356 
1510 203 56 57 1357 
1511 203 58 59 1358 
1512 203 22 1349 1333 
1513 203 60 61 1359 
1514 203 78 77 1360 
1515 203 76 75 1361 
1516 203 74 73 1362 
1517 203 72 71 1363 
1518 203 60 1359 1343 
1519 203 1334 20 1350 
1520 203 1335 18 1351 
1521 203 1337 65 1353 
1522 203 1338 67 1354 
1523 203 1339 69 1355 
1524 203 1341 56 1357 
1525 203 1342 58 1358 
1526 203 1345 76 1361 
1527 203 1346 74 1362 
1528 203 1347 72 1363 
1529 203 1356 55 1341 
1530 203 1357 57 1342 
1531 203 1358 59 1343 
1532 203 1360 77 1345 
1533 203 1361 75 1346 
1534 203 1362 73 1347 
1535 203 1350 19 1335 
1536 203 1349 21 1334 
1537 203 1354 68 1339 
1538 203 1353 66 1338 
1539 203 54 1356 1340 
1540 203 78 1360 1344 
1541 203 1348 1333 1364 
1542 203 1354 1339 1365 
1543 203 1335 1351 1366 
1544 203 1349 1334 1367 
1545 203 1337 1353 1368 
1546 203 1338 1354 1369 
1547 203 1354 1365 1369 
1548 203 70 1340 1355 
1549 203 1352 1337 1370 
1550 203 1337 1368 1370 
1551 203 1340 1356 1371 
1552 203 1353 1338 1372 
1553 203 1368 1353 1372 
1554 203 1338 1369 1372 
1555 203 1341 1357 1373 
1556 203 1351 17 1336 
1557 203 1344 1360 1374 
1558 203 61 1344 1359 
1559 203 1342 1358 1375 
1560 203 1345 1361 1376 
1561 203 1360 1345 1377 
1562 203 1374 1360 1377 
1563 203 1345 1376 1377 
1564 203 1333 1349 1378 
1565 203 1364 1333 1378 
1566 203 1349 1367 1378 
1567 203 1332 1348 1379 
1568 203 1348 1364 1379 
1569 203 1346 1362 1380 
1570 203 1350 1335 1381 
1571 203 1335 1366 1381 
1572 203 1356 1341 1382 
1573 203 1371 1356 1382 
1574 203 1341 1373 1382 
1575 203 71 1332 1363 
1576 203 1334 1350 1383 
1577 203 1367 1334 1383 
1578 203 1350 1381 1383 
1579 203 1355 1340 1371 
1580 203 1363 1332 1379 
1581 203 1351 1336 1366 
1582 203 1359 1344 1374 
1583 203 1366 1336 1352 
1584 203 1363 1379 1347 
1585 203 1347 1379 1384 
1586 203 1359 1374 1343 
1587 203 1339 1355 1371 
1588 203 1365 1339 1371 
1589 203 1375 1358 1385 
1590 203 1358 1343 1385 
1591 203 1357 1342 1386 
1592 203 1357 1386 1373 
1593 203 1342 1375 1386 
1594 203 1380 1362 1384 
1595 203 1361 1346 1387 
1596 203 1362 1347 1384 
1597 203 1366 1352 1370 
1598 203 1343 1374 1385 
1599 203 1387 1346 1380 
1600 203 1361 1387 1376 
1601 203 1369 1365 1388 
1602 203 1386 1375 1389 
1603 203 1384 1379 1390 
1604 203 1379 1364 1390 
1605 203 1370 1368 1391 
1606 203 1387 1380 1392 
1607 203 1380 1384 1393 
1608 203 1392 1380 1393 
1609 203 1384 1390 1393 
1610 203 1373 1386 1394 
1611 203 1386 1389 1394 
1612 203 1366 1370 1395 
1613 203 1381 1366 1395 
1614 203 1370 1391 1395 
1615 203 1376 1387 1396 
1616 203 1387 1392 1396 
1617 203 1365 1371 1397 
1618 203 1388 1365 1397 
1619 203 1371 1382 1397 
1620 203 1391 1368 1398 
1621 203 1368 1372 1398 
1622 203 1372 1369 1399 
1623 203 1398 1372 1399 
1624 203 1369 1388 1399 
1625 203 1390 1364 1400 
1626 203 1364 1378 1400 
1627 203 1378 1367 1400 
1628 203 1400 1367 1401 
1629 203 1389 1375 1402 
1630 203 1375 1385 1402 
1631 203 1382 1373 1403 
1632 203 1397 1382 1403 
1633 203 1373 1394 1403 
1634 203 1383 1381 1404 
1635 203 1381 1395 1404 
1636 203 1385 1374 1405 
1637 203 1367 1383 1401 
1638 203 1385 1405 1402 
1639 203 1405 1374 1377 
1640 203 1402 1405 1406 
1641 203 1395 1391 1407 
1642 203 1404 1395 1407 
1643 203 1391 1398 1407 
1644 203 1389 1402 1408 
1645 203 1402 1406 1408 
1646 203 1396 1392 1409 
1647 203 1376 1396 1410 
1648 203 1411 1416 1401 
1649 203 1394 1389 1412 
1650 203 1389 1408 1412 
1651 203 1401 1383 1404 
1652 203 1377 1376 1410 
1653 203 1377 1410 1405 
1654 203 1401 1404 1413 
1655 203 1404 1407 1413 
1656 203 1399 1388 1414 
1657 203 1401 1413 1411 
1658 203 1388 1397 1415 
1659 203 1414 1388 1415 
1660 203 1397 1403 1415 
1661 203 1390 1400 1416 
1662 203 1403 1394 1417 
1663 203 1415 1403 1417 
1664 203 1394 1412 1417 
1665 203 1400 1401 1416 
1666 203 1405 1410 1406 
1667 203 1393 1390 1416 
1668 203 1411 1413 1418 
1669 203 1398 1399 1419 
1670 203 1399 1414 1419 
1671 203 1392 1393 1420 
1672 203 1410 1396 1421 
1673 203 1409 1392 1420 
1674 203 1396 1409 1421 
1675 203 1412 1408 1422 
1676 203 1407 1398 1419 
1677 203 1413 1407 1419 
1678 203 1412 1422 1423 
1679 203 1413 1419 1418 
1680 203 1417 1412 1423 
1681 203 1420 1393 1416 
1682 203 1421 1409 1424 
1683 203 1409 1420 1425 
1684 203 1419 1414 1423 
1685 203 1425 1420 1411 
1686 203 1425 1411 1418 
1687 203 1423 1414 1417 
1688 203 1424 1409 1425 
1689 203 1417 1414 1415 
1690 203 1418 1419 1423 
1691 203 1410 1421 1406 
1692 203 1421 1424 1406 
1693 203 1408 1406 1424 
1694 203 1418 1422 1425 
1695 203 1422 1408 1424 
1696 203 1416 1411 1420 
1697 203 1423 1422 1418 
1698 203 1424 1425 1422 
1699 203 3 26 89 
1700 203 26 27 1426 
1701 203 28 29 1427 
1702 203 30 31 1428 
1703 203 32 33 1429 
1704 203 34 4 98 
1705 203 98 99 1430 
1706 203 100 101 1431 
1707 203 102 103 1432 
1708 203 104 105 1433 
1709 203 106 8 88 
1710 203 88 87 1434 
1711 203 86 85 1435 
1712 203 84 83 1436 
1713 203 82 81 1437 
1714 203 80 7 97 
1715 203 97 96 1438 
1716 203 95 94 1439 
1717 203 93 92 1440 
1718 203 91 90 1441 
1719 203 89 26 1426 
1720 203 34 98 1430 
1721 203 106 88 1434 
1722 203 80 97 1438 
1723 203 1426 27 1442 
1724 203 27 28 1442 
1725 203 28 1427 1442 
1726 203 29 30 1443 
1727 203 31 32 1444 
1728 203 33 34 1445 
1729 203 99 100 1446 
1730 203 101 102 1447 
1731 203 103 104 1448 
1732 203 105 106 1449 
1733 203 87 86 1450 
1734 203 85 84 1451 
1735 203 83 82 1452 
1736 203 29 1443 1427 
1737 203 81 80 1453 
1738 203 1438 96 1454 
1739 203 96 95 1454 
1740 203 95 1439 1454 
1741 203 94 93 1455 
1742 203 92 91 1456 
1743 203 90 89 1457 
1744 203 1447 102 1432 
1745 203 81 1453 1437 
1746 203 1428 31 1444 
1747 203 1429 33 1445 
1748 203 1431 101 1447 
1749 203 1432 103 1448 
1750 203 1433 105 1449 
1751 203 1435 85 1451 
1752 203 1436 83 1452 
1753 203 1439 94 1455 
1754 203 1440 92 1456 
1755 203 1441 90 1457 
1756 203 1448 104 1433 
1757 203 1450 86 1435 
1758 203 1451 84 1436 
1759 203 1452 82 1437 
1760 203 1444 32 1429 
1761 203 1443 30 1428 
1762 203 1446 100 1431 
1763 203 99 1446 1430 
1764 203 87 1450 1434 
1765 203 1456 91 1441 
1766 203 1455 93 1440 
1767 203 1442 1427 1458 
1768 203 1446 1431 1459 
1769 203 1429 1445 1460 
1770 203 1443 1428 1461 
1771 203 1434 1450 1462 
1772 203 106 1434 1449 
1773 203 1432 1448 1463 
1774 203 1437 1453 1464 
1775 203 1435 1451 1465 
1776 203 1445 34 1430 
1777 203 1456 1441 1466 
1778 203 80 1438 1453 
1779 203 1436 1452 1467 
1780 203 1452 1437 1468 
1781 203 1467 1452 1468 
1782 203 1437 1464 1468 
1783 203 1439 1455 1469 
1784 203 1444 1429 1470 
1785 203 1429 1460 1470 
1786 203 1427 1443 1471 
1787 203 1458 1427 1471 
1788 203 1443 1461 1471 
1789 203 1426 1442 1472 
1790 203 1442 1458 1472 
1791 203 1454 1439 1473 
1792 203 1439 1469 1473 
1793 203 89 1426 1457 
1794 203 1447 1432 1474 
1795 203 1432 1463 1474 
1796 203 1428 1444 1475 
1797 203 1461 1428 1475 
1798 203 1444 1470 1475 
1799 203 1440 1456 1476 
1800 203 1456 1466 1476 
1801 203 1449 1434 1462 
1802 203 1457 1426 1472 
1803 203 1445 1430 1460 
1804 203 1453 1438 1464 
1805 203 1446 1459 1460 
1806 203 1460 1430 1446 
1807 203 1457 1472 1441 
1808 203 1431 1447 1477 
1809 203 1463 1448 1478 
1810 203 1448 1433 1478 
1811 203 1478 1433 1462 
1812 203 1433 1449 1462 
1813 203 1450 1435 1479 
1814 203 1466 1441 1472 
1815 203 1464 1438 1454 
1816 203 1469 1455 1480 
1817 203 1455 1440 1480 
1818 203 1451 1436 1481 
1819 203 1440 1476 1480 
1820 203 1436 1467 1481 
1821 203 1459 1431 1477 
1822 203 1454 1473 1464 
1823 203 1451 1481 1465 
1824 203 1479 1435 1465 
1825 203 1447 1474 1477 
1826 203 1450 1479 1462 
1827 203 1479 1465 1482 
1828 203 1462 1479 1483 
1829 203 1478 1462 1483 
1830 203 1479 1482 1483 
1831 203 1463 1478 1484 
1832 203 1478 1483 1484 
1833 203 1476 1466 1485 
1834 203 1477 1474 1486 
1835 203 1466 1472 1487 
1836 203 1485 1466 1487 
1837 203 1472 1458 1487 
1838 203 1481 1467 1488 
1839 203 1459 1477 1489 
1840 203 1477 1486 1489 
1841 203 1480 1476 1490 
1842 203 1476 1485 1490 
1843 203 1469 1480 1491 
1844 203 1480 1490 1491 
1845 203 1473 1469 1492 
1846 203 1469 1491 1492 
1847 203 1464 1473 1493 
1848 203 1468 1464 1493 
1849 203 1473 1492 1493 
1850 203 1474 1463 1494 
1851 203 1486 1474 1494 
1852 203 1463 1484 1494 
1853 203 1465 1481 1495 
1854 203 1495 1481 1488 
1855 203 1465 1495 1482 
1856 203 1460 1459 1496 
1857 203 1467 1468 1497 
1858 203 1488 1467 1497 
1859 203 1468 1493 1497 
1860 203 1470 1460 1496 
1861 203 1471 1461 1498 
1862 203 1475 1470 1499 
1863 203 1470 1496 1499 
1864 203 1461 1475 1500 
1865 203 1498 1461 1500 
1866 203 1475 1499 1500 
1867 203 1496 1459 1489 
1868 203 1495 1488 1501 
1869 203 1458 1471 1502 
1870 203 1471 1498 1502 
1871 203 1489 1486 1503 
1872 203 1490 1485 1504 
1873 203 1491 1490 1505 
1874 203 1490 1504 1505 
1875 203 1496 1489 1506 
1876 203 1499 1496 1506 
1877 203 1489 1503 1506 
1878 203 1492 1491 1507 
1879 203 1491 1505 1507 
1880 203 1482 1495 1508 
1881 203 1495 1501 1508 
1882 203 1487 1458 1502 
1883 203 1483 1482 1509 
1884 203 1484 1483 1509 
1885 203 1482 1508 1509 
1886 203 1502 1498 1510 
1887 203 1501 1488 1511 
1888 203 1488 1497 1511 
1889 203 1503 1486 1512 
1890 203 1486 1494 1512 
1891 203 1487 1502 1485 
1892 203 1510 1498 1513 
1893 203 1498 1500 1513 
1894 203 1494 1484 1514 
1895 203 1512 1494 1514 
1896 203 1484 1509 1514 
1897 203 1507 1505 1515 
1898 203 1485 1510 1504 
1899 203 1510 1485 1502 
1900 203 1505 1504 1516 
1901 203 1515 1505 1516 
1902 203 1504 1510 1516 
1903 203 1492 1507 1517 
1904 203 1508 1501 1518 
1905 203 1493 1492 1517 
1906 203 1500 1499 1519 
1907 203 1513 1500 1519 
1908 203 1499 1506 1519 
1909 203 1509 1508 1514 
1910 203 1507 1515 1511 
1911 203 1501 1511 1515 
1912 203 1497 1493 1517 
1913 203 1517 1507 1511 
1914 203 1510 1513 1516 
1915 203 1514 1508 1518 
1916 203 1503 1512 1520 
1917 203 1506 1503 1519 
1918 203 1518 1501 1515 
1919 203 1503 1520 1519 
1920 203 1512 1514 1518 
1921 203 1519 1520 1513 
1922 203 1520 1512 1518 
1923 203 1513 1520 1516 
1924 203 1518 1515 1520 
1925 203 1520 1515 1516 
1926 203 1497 1517 1511 
1927 203 1 35 62 
1928 203 35 36 1521 
1929 203 37 38 1522 
1930 203 39 40 1523 
1931 203 41 42 1524 
1932 203 43 3 89 
1933 203 89 90 1525 
1934 203 91 92 1526 
1935 203 93 94 1527 
1936 203 95 96 1528 
1937 203 97 7 115 
1938 203 115 114 1529 
1939 203 113 112 1530 
1940 203 111 110 1531 
1941 203 109 108 1532 
1942 203 107 5 70 
1943 203 70 69 1533 
1944 203 68 67 1534 
1945 203 66 65 1535 
1946 203 64 63 1536 
1947 203 62 35 1521 
1948 203 43 89 1525 
1949 203 97 115 1529 
1950 203 107 70 1533 
1951 203 36 37 1537 
1952 203 38 39 1538 
1953 203 40 41 1539 
1954 203 1539 41 1524 
1955 203 42 43 1540 
1956 203 90 91 1541 
1957 203 92 93 1542 
1958 203 94 95 1543 
1959 203 1538 39 1523 
1960 203 96 97 1544 
1961 203 114 113 1545 
1962 203 112 111 1546 
1963 203 110 109 1547 
1964 203 1537 37 1522 
1965 203 108 107 1548 
1966 203 36 1537 1521 
1967 203 69 68 1549 
1968 203 67 66 1550 
1969 203 65 64 1551 
1970 203 63 62 1552 
1971 203 1541 91 1526 
1972 203 1522 38 1538 
1973 203 1523 40 1539 
1974 203 1524 42 1540 
1975 203 1526 92 1542 
1976 203 1527 94 1543 
1977 203 1528 96 1544 
1978 203 1530 112 1546 
1979 203 1531 110 1547 
1980 203 1532 108 1548 
1981 203 1534 67 1550 
1982 203 1535 65 1551 
1983 203 1536 63 1552 
1984 203 1542 93 1527 
1985 203 1543 95 1528 
1986 203 1545 113 1530 
1987 203 1546 111 1531 
1988 203 1547 109 1532 
1989 203 1550 66 1535 
1990 203 1551 64 1536 
1991 203 69 1549 1533 
1992 203 90 1541 1525 
1993 203 114 1545 1529 
1994 203 1549 68 1534 
1995 203 1534 1550 1553 
1996 203 1523 1539 1554 
1997 203 1530 1546 1555 
1998 203 1524 1540 1556 
1999 203 1526 1542 1557 
2000 203 1539 1524 1558 
2001 203 1554 1539 1558 
2002 203 1524 1556 1558 
2003 203 1540 43 1525 
2004 203 1529 1545 1559 
2005 203 97 1529 1544 
2006 203 1522 1538 1560 
2007 203 1527 1543 1561 
2008 203 1545 1530 1562 
2009 203 1559 1545 1562 
2010 203 1530 1555 1562 
2011 203 1538 1523 1563 
2012 203 1560 1538 1563 
2013 203 1523 1554 1563 
2014 203 1549 1534 1564 
2015 203 1534 1553 1564 
2016 203 107 1533 1548 
2017 203 1531 1547 1565 
2018 203 1532 1548 1566 
2019 203 1537 1522 1567 
2020 203 1522 1560 1567 
2021 203 1521 1537 1568 
2022 203 1537 1567 1568 
2023 203 1548 1533 1566 
2024 203 1535 1551 1569 
2025 203 1533 1549 1566 
2026 203 1542 1527 1570 
2027 203 1557 1542 1570 
2028 203 1527 1561 1570 
2029 203 62 1521 1552 
2030 203 1541 1526 1571 
2031 203 1526 1557 1571 
2032 203 1540 1525 1556 
2033 203 1544 1529 1559 
2034 203 1552 1521 1568 
2035 203 1544 1559 1528 
2036 203 1549 1564 1566 
2037 203 1556 1525 1541 
2038 203 1555 1546 1572 
2039 203 1546 1531 1572 
2040 203 1543 1528 1573 
2041 203 1528 1559 1573 
2042 203 1561 1543 1573 
2043 203 1565 1547 1574 
2044 203 1547 1532 1574 
2045 203 1532 1566 1574 
2046 203 1550 1535 1575 
2047 203 1531 1565 1572 
2048 203 1553 1550 1575 
2049 203 1569 1551 1576 
2050 203 1551 1536 1576 
2051 203 1556 1541 1571 
2052 203 1536 1552 1568 
2053 203 1536 1568 1576 
2054 203 1575 1535 1569 
2055 203 1553 1575 1577 
2056 203 1561 1573 1578 
2057 203 1564 1553 1579 
2058 203 1553 1577 1579 
2059 203 1573 1559 1580 
2060 203 1578 1573 1580 
2061 203 1559 1562 1580 
2062 203 1566 1564 1581 
2063 203 1574 1566 1581 
2064 203 1564 1579 1581 
2065 203 1567 1560 1582 
2066 203 1569 1576 1583 
2067 203 1565 1574 1584 
2068 203 1574 1581 1584 
2069 203 1572 1565 1585 
2070 203 1565 1584 1585 
2071 203 1555 1572 1586 
2072 203 1572 1585 1586 
2073 203 1575 1569 1587 
2074 203 1577 1575 1587 
2075 203 1569 1583 1587 
2076 203 1571 1557 1588 
2077 203 1576 1568 1589 
2078 203 1583 1576 1589 
2079 203 1568 1567 1589 
2080 203 1554 1558 1590 
2081 203 1562 1555 1591 
2082 203 1580 1562 1591 
2083 203 1555 1586 1591 
2084 203 1563 1554 1592 
2085 203 1554 1590 1592 
2086 203 1567 1582 1589 
2087 203 1588 1557 1593 
2088 203 1557 1570 1593 
2089 203 1582 1560 1594 
2090 203 1560 1563 1594 
2091 203 1556 1571 1595 
2092 203 1570 1561 1596 
2093 203 1593 1570 1596 
2094 203 1561 1578 1596 
2095 203 1558 1556 1595 
2096 203 1595 1571 1588 
2097 203 1558 1595 1590 
2098 203 1584 1581 1597 
2099 203 1581 1579 1597 
2100 203 1590 1595 1598 
2101 203 1595 1588 1598 
2102 203 1585 1584 1599 
2103 203 1584 1597 1599 
2104 203 1586 1585 1600 
2105 203 1585 1599 1600 
2106 203 1579 1577 1597 
2107 203 1583 1589 1601 
2108 203 1589 1582 1601 
2109 203 1597 1577 1602 
2110 203 1583 1601 1587 
2111 203 1596 1578 1603 
2112 203 1592 1590 1604 
2113 203 1590 1598 1604 
2114 203 1577 1587 1602 
2115 203 1598 1588 1593 
2116 203 1563 1592 1594 
2117 203 1578 1580 1605 
2118 203 1603 1578 1605 
2119 203 1580 1591 1605 
2120 203 1601 1582 1606 
2121 203 1582 1594 1606 
2122 203 1591 1586 1605 
2123 203 1605 1586 1600 
2124 203 1587 1601 1607 
2125 203 1602 1587 1607 
2126 203 1601 1606 1607 
2127 203 1599 1597 1602 
2128 203 1605 1600 1603 
2129 203 1600 1599 1608 
2130 203 1603 1600 1609 
2131 203 1600 1608 1609 
2132 203 1596 1603 1610 
2133 203 1593 1596 1610 
2134 203 1603 1609 1610 
2135 203 1594 1592 1611 
2136 203 1606 1594 1611 
2137 203 1592 1604 1611 
2138 203 1598 1593 1610 
2139 203 1599 1602 1608 
2140 203 1598 1610 1612 
2141 203 1604 1598 1612 
2142 203 1610 1609 1612 
2143 203 1602 1607 1608 
2144 203 1609 1608 1613 
2145 203 1609 1613 1612 
2146 203 1607 1606 1614 
2147 203 1614 1606 1611 
2148 203 1613 1614 1612 
2149 203 1608 1607 1613 
2150 203 1611 1604 1614 
2151 203 1607 1614 1613 
2152 203 1604 1612 1614 
2153 203 4 52 98 
2154 203 52 51 1615 
2155 203 50 49 1616 
2156 203 48 47 1617 
2157 203 46 45 1618 
2158 203 44 2 71 
2159 203 71 72 1619 
2160 203 73 74 1620 
2161 203 75 76 1621 
2162 203 77 78 1622 
2163 203 79 6 116 
2164 203 116 117 1623 
2165 203 118 119 1624 
2166 203 120 121 1625 
2167 203 122 123 1626 
2168 203 124 8 106 
2169 203 106 105 1627 
2170 203 104 103 1628 
2171 203 102 101 1629 
2172 203 100 99 1630 
2173 203 98 52 1615 
2174 203 44 71 1619 
2175 203 79 116 1623 
2176 203 124 106 1627 
2177 203 51 50 1631 
2178 203 49 48 1632 
2179 203 47 46 1633 
2180 203 1633 46 1618 
2181 203 45 44 1634 
2182 203 72 73 1635 
2183 203 74 75 1636 
2184 203 76 77 1637 
2185 203 1632 48 1617 
2186 203 78 79 1638 
2187 203 117 118 1639 
2188 203 119 120 1640 
2189 203 121 122 1641 
2190 203 1631 50 1616 
2191 203 123 124 1642 
2192 203 51 1631 1615 
2193 203 105 104 1643 
2194 203 103 102 1644 
2195 203 101 100 1645 
2196 203 99 98 1646 
2197 203 1635 73 1620 
2198 203 1616 49 1632 
2199 203 1617 47 1633 
2200 203 1618 45 1634 
2201 203 1620 74 1636 
2202 203 1621 76 1637 
2203 203 1622 78 1638 
2204 203 1624 119 1640 
2205 203 1625 121 1641 
2206 203 1626 123 1642 
2207 203 1628 103 1644 
2208 203 1629 101 1645 
2209 203 1630 99 1646 
2210 203 1636 75 1621 
2211 203 1637 77 1622 
2212 203 1639 118 1624 
2213 203 1640 120 1625 
2214 203 1641 122 1626 
2215 203 1644 102 1629 
2216 203 1645 100 1630 
2217 203 105 1643 1627 
2218 203 72 1635 1619 
2219 203 117 1639 1623 
2220 203 1643 104 1628 
2221 203 1628 1644 1647 
2222 203 1617 1633 1648 
2223 203 1624 1640 1649 
2224 203 1618 1634 1650 
2225 203 1620 1636 1651 
2226 203 1633 1618 1652 
2227 203 1648 1633 1652 
2228 203 1618 1650 1652 
2229 203 1634 44 1619 
2230 203 1623 1639 1653 
2231 203 79 1623 1638 
2232 203 1616 1632 1654 
2233 203 1621 1637 1655 
2234 203 1639 1624 1656 
2235 203 1653 1639 1656 
2236 203 1624 1649 1656 
2237 203 1632 1617 1657 
2238 203 1654 1632 1657 
2239 203 1617 1648 1657 
2240 203 1643 1628 1658 
2241 203 1628 1647 1658 
2242 203 124 1627 1642 
2243 203 1625 1641 1659 
2244 203 1626 1642 1660 
2245 203 1631 1616 1661 
2246 203 1616 1654 1661 
2247 203 1615 1631 1662 
2248 203 1631 1661 1662 
2249 203 1642 1627 1660 
2250 203 1629 1645 1663 
2251 203 1627 1643 1660 
2252 203 1636 1621 1664 
2253 203 1651 1636 1664 
2254 203 1621 1655 1664 
2255 203 98 1615 1646 
2256 203 1635 1620 1665 
2257 203 1620 1651 1665 
2258 203 1634 1619 1650 
2259 203 1638 1623 1653 
2260 203 1646 1615 1662 
2261 203 1638 1653 1622 
2262 203 1643 1658 1660 
2263 203 1650 1619 1635 
2264 203 1649 1640 1666 
2265 203 1640 1625 1666 
2266 203 1637 1622 1667 
2267 203 1622 1653 1667 
2268 203 1655 1637 1667 
2269 203 1659 1641 1668 
2270 203 1641 1626 1668 
2271 203 1626 1660 1668 
2272 203 1644 1629 1669 
2273 203 1625 1659 1666 
2274 203 1647 1644 1669 
2275 203 1663 1645 1670 
2276 203 1645 1630 1670 
2277 203 1650 1635 1665 
2278 203 1630 1646 1662 
2279 203 1630 1662 1670 
2280 203 1669 1629 1663 
2281 203 1647 1669 1671 
2282 203 1655 1667 1672 
2283 203 1658 1647 1673 
2284 203 1647 1671 1673 
2285 203 1667 1653 1674 
2286 203 1672 1667 1674 
2287 203 1653 1656 1674 
2288 203 1660 1658 1675 
2289 203 1668 1660 1675 
2290 203 1658 1673 1675 
2291 203 1661 1654 1676 
2292 203 1663 1670 1677 
2293 203 1659 1668 1678 
2294 203 1668 1675 1678 
2295 203 1666 1659 1679 
2296 203 1659 1678 1679 
2297 203 1649 1666 1680 
2298 203 1666 1679 1680 
2299 203 1669 1663 1681 
2300 203 1671 1669 1681 
2301 203 1663 1677 1681 
2302 203 1665 1651 1682 
2303 203 1670 1662 1683 
2304 203 1677 1670 1683 
2305 203 1662 1661 1683 
2306 203 1648 1652 1684 
2307 203 1656 1649 1685 
2308 203 1674 1656 1685 
2309 203 1649 1680 1685 
2310 203 1657 1648 1686 
2311 203 1648 1684 1686 
2312 203 1661 1676 1683 
2313 203 1682 1651 1687 
2314 203 1651 1664 1687 
2315 203 1676 1654 1688 
2316 203 1654 1657 1688 
2317 203 1650 1665 1689 
2318 203 1664 1655 1690 
2319 203 1687 1664 1690 
2320 203 1655 1672 1690 
2321 203 1652 1650 1689 
2322 203 1689 1665 1682 
2323 203 1652 1689 1684 
2324 203 1678 1675 1691 
2325 203 1675 1673 1691 
2326 203 1684 1689 1692 
2327 203 1689 1682 1692 
2328 203 1679 1678 1693 
2329 203 1678 1691 1693 
2330 203 1680 1679 1694 
2331 203 1679 1693 1694 
2332 203 1673 1671 1691 
2333 203 1677 1683 1695 
2334 203 1683 1676 1695 
2335 203 1691 1671 1696 
2336 203 1677 1695 1681 
2337 203 1690 1672 1697 
2338 203 1686 1684 1698 
2339 203 1684 1692 1698 
2340 203 1671 1681 1696 
2341 203 1692 1682 1687 
2342 203 1657 1686 1688 
2343 203 1672 1674 1699 
2344 203 1697 1672 1699 
2345 203 1674 1685 1699 
2346 203 1695 1676 1700 
2347 203 1676 1688 1700 
2348 203 1685 1680 1699 
2349 203 1699 1680 1694 
2350 203 1681 1695 1701 
2351 203 1696 1681 1701 
2352 203 1695 1700 1701 
2353 203 1693 1691 1696 
2354 203 1699 1694 1697 
2355 203 1694 1693 1702 
2356 203 1697 1694 1703 
2357 203 1694 1702 1703 
2358 203 1690 1697 1704 
2359 203 1687 1690 1704 
2360 203 1697 1703 1704 
2361 203 1688 1686 1705 
2362 203 1700 1688 1705 
2363 203 1686 1698 1705 
2364 203 1692 1687 1704 
2365 203 1693 1696 1702 
2366 203 1692 1704 1706 
2367 203 1698 1692 1706 
2368 203 1704 1703 1706 
2369 203 1696 1701 1702 
2370 203 1703 1702 1707 
2371 203 1703 1707 1706 
2372 203 1701 1700 1708 
2373 203 1708 1700 1705 
2374 203 1707 1708 1706 
2375 203 1702 1701 1707 
2376 203 1705 1698 1708 
2377 203 1701 1708 1707 
2378 203 1698 1706 1708 
2379 203 6 61 116 
2380 203 61 60 1709 
2381 203 59 58 1710 
2382 203 57 56 1711 
2383 203 55 54 1712 
2384 203 53 5 107 
2385 203 107 108 1713 
2386 203 109 110 1714 
2387 203 111 112 1715 
2388 203 113 114 1716 
2389 203 115 7 80 
2390 203 80 81 1717 
2391 203 82 83 1718 
2392 203 84 85 1719 
2393 203 86 87 1720 
2394 203 88 8 124 
2395 203 124 123 1721 
2396 203 122 121 1722 
2397 203 120 119 1723 
2398 203 118 117 1724 
2399 203 116 61 1709 
2400 203 53 107 1713 
2401 203 115 80 1717 
2402 203 88 124 1721 
2403 203 1709 60 1725 
2404 203 60 59 1725 
2405 203 59 1710 1725 
2406 203 58 57 1726 
2407 203 56 55 1727 
2408 203 54 53 1728 
2409 203 1713 108 1729 
2410 203 108 109 1729 
2411 203 109 1714 1729 
2412 203 110 111 1730 
2413 203 112 113 1731 
2414 203 114 115 1732 
2415 203 81 82 1733 
2416 203 83 84 1734 
2417 203 85 86 1735 
2418 203 58 1726 1710 
2419 203 87 88 1736 
2420 203 123 122 1737 
2421 203 121 120 1738 
2422 203 119 118 1739 
2423 203 117 116 1740 
2424 203 87 1736 1720 
2425 203 1711 56 1727 
2426 203 1712 54 1728 
2427 203 1714 110 1730 
2428 203 1715 112 1731 
2429 203 1716 114 1732 
2430 203 1718 83 1734 
2431 203 1719 85 1735 
2432 203 1722 121 1738 
2433 203 1723 119 1739 
2434 203 1724 117 1740 
2435 203 1733 82 1718 
2436 203 1734 84 1719 
2437 203 1735 86 1720 
2438 203 1737 122 1722 
2439 203 1738 120 1723 
2440 203 1739 118 1724 
2441 203 1727 55 1712 
2442 203 1726 57 1711 
2443 203 1731 113 1716 
2444 203 1730 111 1715 
2445 203 81 1733 1717 
2446 203 123 1737 1721 
2447 203 1725 1710 1741 
2448 203 1731 1716 1742 
2449 203 1712 1728 1743 
2450 203 1726 1711 1744 
2451 203 1714 1730 1745 
2452 203 1715 1731 1746 
2453 203 1731 1742 1746 
2454 203 115 1717 1732 
2455 203 1729 1714 1747 
2456 203 1714 1745 1747 
2457 203 1717 1733 1748 
2458 203 1730 1715 1749 
2459 203 1745 1730 1749 
2460 203 1715 1746 1749 
2461 203 1718 1734 1750 
2462 203 1728 53 1713 
2463 203 1721 1737 1751 
2464 203 88 1721 1736 
2465 203 1719 1735 1752 
2466 203 1722 1738 1753 
2467 203 1737 1722 1754 
2468 203 1751 1737 1754 
2469 203 1722 1753 1754 
2470 203 1710 1726 1755 
2471 203 1741 1710 1755 
2472 203 1726 1744 1755 
2473 203 1709 1725 1756 
2474 203 1725 1741 1756 
2475 203 1723 1739 1757 
2476 203 1727 1712 1758 
2477 203 1712 1743 1758 
2478 203 1733 1718 1759 
2479 203 1748 1733 1759 
2480 203 1718 1750 1759 
2481 203 116 1709 1740 
2482 203 1711 1727 1760 
2483 203 1744 1711 1760 
2484 203 1727 1758 1760 
2485 203 1732 1717 1748 
2486 203 1740 1709 1756 
2487 203 1728 1713 1743 
2488 203 1736 1721 1751 
2489 203 1743 1713 1729 
2490 203 1740 1756 1724 
2491 203 1724 1756 1761 
2492 203 1736 1751 1720 
2493 203 1716 1732 1748 
2494 203 1742 1716 1748 
2495 203 1752 1735 1762 
2496 203 1735 1720 1762 
2497 203 1734 1719 1763 
2498 203 1734 1763 1750 
2499 203 1719 1752 1763 
2500 203 1757 1739 1761 
2501 203 1738 1723 1764 
2502 203 1739 1724 1761 
2503 203 1743 1729 1747 
2504 203 1720 1751 1762 
2505 203 1764 1723 1757 
2506 203 1738 1764 1753 
2507 203 1746 1742 1765 
2508 203 1763 1752 1766 
2509 203 1761 1756 1767 
2510 203 1756 1741 1767 
2511 203 1747 1745 1768 
2512 203 1764 1757 1769 
2513 203 1757 1761 1770 
2514 203 1769 1757 1770 
2515 203 1761 1767 1770 
2516 203 1750 1763 1771 
2517 203 1763 1766 1771 
2518 203 1743 1747 1772 
2519 203 1758 1743 1772 
2520 203 1747 1768 1772 
2521 203 1753 1764 1773 
2522 203 1764 1769 1773 
2523 203 1742 1748 1774 
2524 203 1765 1742 1774 
2525 203 1748 1759 1774 
2526 203 1768 1745 1775 
2527 203 1745 1749 1775 
2528 203 1749 1746 1776 
2529 203 1775 1749 1776 
2530 203 1746 1765 1776 
2531 203 1767 1741 1777 
2532 203 1741 1755 1777 
2533 203 1755 1744 1777 
2534 203 1777 1744 1778 
2535 203 1766 1752 1779 
2536 203 1752 1762 1779 
2537 203 1759 1750 1780 
2538 203 1774 1759 1780 
2539 203 1750 1771 1780 
2540 203 1760 1758 1781 
2541 203 1758 1772 1781 
2542 203 1762 1751 1782 
2543 203 1744 1760 1778 
2544 203 1762 1782 1779 
2545 203 1782 1751 1754 
2546 203 1779 1782 1783 
2547 203 1772 1768 1784 
2548 203 1781 1772 1784 
2549 203 1768 1775 1784 
2550 203 1766 1779 1785 
2551 203 1779 1783 1785 
2552 203 1773 1769 1786 
2553 203 1753 1773 1787 
2554 203 1788 1793 1778 
2555 203 1771 1766 1789 
2556 203 1766 1785 1789 
2557 203 1778 1760 1781 
2558 203 1754 1753 1787 
2559 203 1754 1787 1782 
2560 203 1778 1781 1790 
2561 203 1781 1784 1790 
2562 203 1776 1765 1791 
2563 203 1778 1790 1788 
2564 203 1765 1774 1792 
2565 203 1791 1765 1792 
2566 203 1774 1780 1792 
2567 203 1767 1777 1793 
2568 203 1780 1771 1794 
2569 203 1792 1780 1794 
2570 203 1771 1789 1794 
2571 203 1777 1778 1793 
2572 203 1782 1787 1783 
2573 203 1770 1767 1793 
2574 203 1788 1790 1795 
2575 203 1775 1776 1796 
2576 203 1776 1791 1796 
2577 203 1769 1770 1797 
2578 203 1787 1773 1798 
2579 203 1786 1769 1797 
2580 203 1773 1786 1798 
2581 203 1789 1785 1799 
2582 203 1784 1775 1796 
2583 203 1790 1784 1796 
2584 203 1789 1799 1800 
2585 203 1790 1796 1795 
2586 203 1794 1789 1800 
2587 203 1797 1770 1793 
2588 203 1798 1786 1801 
2589 203 1786 1797 1802 
2590 203 1796 1791 1800 
2591 203 1802 1797 1788 
2592 203 1802 1788 1795 
2593 203 1800 1791 1794 
2594 203 1801 1786 1802 
2595 203 1794 1791 1792 
2596 203 1795 1796 1800 
2597 203 1787 1798 1783 
2598 203 1798 1801 1783 
2599 203 1785 1783 1801 
2600 203 1795 1799 1802 
2601 203 1799 1785 1801 
2602 203 1793 1788 1797 
2603 203 1800 1799 1795 
2604 203 1801 1802 1799 
