401 400
9 4.98097349045873e-01 -2.00000000000000e+00 -4.35778713738291e-02
10 4.98097349045873e-01 2.00000000000000e+00 -4.35778713738291e-02
125 4.98097349045873e-01 -1.99000000000000e+00 -4.35778713738291e-02
126 4.98097349045873e-01 -1.98000000000000e+00 -4.35778713738291e-02
127 4.98097349045873e-01 -1.97000000000000e+00 -4.35778713738291e-02
128 4.98097349045873e-01 -1.96000000000000e+00 -4.35778713738291e-02
129 4.98097349045873e-01 -1.95000000000000e+00 -4.35778713738291e-02
130 4.98097349045873e-01 -1.94000000000000e+00 -4.35778713738291e-02
131 4.98097349045873e-01 -1.93000000000000e+00 -4.35778713738291e-02
132 4.98097349045873e-01 -1.92000000000000e+00 -4.35778713738291e-02
133 4.98097349045873e-01 -1.91000000000000e+00 -4.35778713738291e-02
134 4.98097349045873e-01 -1.90000000000000e+00 -4.35778713738291e-02
135 4.98097349045873e-01 -1.89000000000000e+00 -4.35778713738291e-02
136 4.98097349045873e-01 -1.88000000000000e+00 -4.35778713738291e-02
137 4.98097349045873e-01 -1.87000000000000e+00 -4.35778713738291e-02
138 4.98097349045873e-01 -1.86000000000000e+00 -4.35778713738291e-02
139 4.98097349045873e-01 -1.85000000000000e+00 -4.35778713738291e-02
140 4.98097349045873e-01 -1.84000000000000e+00 -4.35778713738291e-02
141 4.98097349045873e-01 -1.83000000000000e+00 -4.35778713738291e-02
142 4.98097349045873e-01 -1.82000000000000e+00 -4.35778713738291e-02
143 4.98097349045873e-01 -1.81000000000000e+00 -4.35778713738291e-02
144 4.98097349045873e-01 -1.80000000000000e+00 -4.35778713738291e-02
145 4.98097349045873e-01 -1.79000000000000e+00 -4.35778713738291e-02
146 4.98097349045873e-01 -1.78000000000000e+00 -4.35778713738291e-02
147 4.98097349045873e-01 -1.77000000000000e+00 -4.35778713738291e-02
148 4.98097349045873e-01 -1.76000000000000e+00 -4.35778713738291e-02
149 4.98097349045873e-01 -1.75000000000000e+00 -4.35778713738291e-02
150 4.98097349045873e-01 -1.74000000000000e+00 -4.35778713738291e-02
151 4.98097349045873e-01 -1.73000000000000e+00 -4.35778713738291e-02
152 4.98097349045873e-01 -1.72000000000000e+00 -4.35778713738291e-02
153 4.98097349045873e-01 -1.71000000000000e+00 -4.35778713738291e-02
154 4.98097349045873e-01 -1.70000000000000e+00 -4.35778713738291e-02
155 4.98097349045873e-01 -1.69000000000000e+00 -4.35778713738291e-02
156 4.98097349045873e-01 -1.68000000000000e+00 -4.35778713738291e-02
157 4.98097349045873e-01 -1.67000000000000e+00 -4.35778713738291e-02
158 4.98097349045873e-01 -1.66000000000000e+00 -4.35778713738291e-02
159 4.98097349045873e-01 -1.65000000000000e+00 -4.35778713738291e-02
160 4.98097349045873e-01 -1.64000000000000e+00 -4.35778713738291e-02
161 4.98097349045873e-01 -1.63000000000000e+00 -4.35778713738291e-02
162 4.98097349045873e-01 -1.62000000000000e+00 -4.35778713738291e-02
163 4.98097349045873e-01 -1.61000000000000e+00 -4.35778713738291e-02
164 4.98097349045873e-01 -1.60000000000000e+00 -4.35778713738291e-02
165 4.98097349045873e-01 -1.59000000000000e+00 -4.35778713738291e-02
166 4.98097349045873e-01 -1.58000000000000e+00 -4.35778713738291e-02
167 4.98097349045873e-01 -1.57000000000000e+00 -4.35778713738291e-02
168 4.98097349045873e-01 -1.56000000000000e+00 -4.35778713738291e-02
169 4.98097349045873e-01 -1.55000000000000e+00 -4.35778713738291e-02
170 4.98097349045873e-01 -1.54000000000000e+00 -4.35778713738291e-02
171 4.98097349045873e-01 -1.53000000000000e+00 -4.35778713738291e-02
172 4.98097349045873e-01 -1.52000000000000e+00 -4.35778713738291e-02
173 4.98097349045873e-01 -1.51000000000000e+00 -4.35778713738291e-02
174 4.98097349045873e-01 -1.50000000000000e+00 -4.35778713738291e-02
175 4.98097349045873e-01 -1.49000000000000e+00 -4.35778713738291e-02
176 4.98097349045873e-01 -1.48000000000000e+00 -4.35778713738291e-02
177 4.98097349045873e-01 -1.47000000000000e+00 -4.35778713738291e-02
178 4.98097349045873e-01 -1.46000000000000e+00 -4.35778713738291e-02
179 4.98097349045873e-01 -1.45000000000000e+00 -4.35778713738291e-02
180 4.98097349045873e-01 -1.44000000000000e+00 -4.35778713738291e-02
181 4.98097349045873e-01 -1.43000000000000e+00 -4.35778713738291e-02
182 4.98097349045873e-01 -1.42000000000000e+00 -4.35778713738291e-02
183 4.98097349045873e-01 -1.41000000000000e+00 -4.35778713738291e-02
184 4.98097349045873e-01 -1.40000000000000e+00 -4.35778713738291e-02
185 4.98097349045873e-01 -1.39000000000000e+00 -4.35778713738291e-02
186 4.98097349045873e-01 -1.38000000000000e+00 -4.35778713738291e-02
187 4.98097349045873e-01 -1.37000000000000e+00 -4.35778713738291e-02
188 4.98097349045873e-01 -1.36000000000000e+00 -4.35778713738291e-02
189 4.98097349045873e-01 -1.35000000000000e+00 -4.35778713738291e-02
190 4.98097349045873e-01 -1.34000000000000e+00 -4.35778713738291e-02
191 4.98097349045873e-01 -1.33000000000000e+00 -4.35778713738291e-02
192 4.98097349045873e-01 -1.32000000000000e+00 -4.35778713738291e-02
193 4.98097349045873e-01 -1.31000000000000e+00 -4.35778713738291e-02
194 4.98097349045873e-01 -1.30000000000000e+00 -4.35778713738291e-02
195 4.98097349045873e-01 -1.29000000000000e+00 -4.35778713738291e-02
196 4.98097349045873e-01 -1.28000000000000e+00 -4.35778713738291e-02
197 4.98097349045873e-01 -1.27000000000000e+00 -4.35778713738291e-02
198 4.98097349045873e-01 -1.26000000000000e+00 -4.35778713738291e-02
199 4.98097349045873e-01 -1.25000000000000e+00 -4.35778713738291e-02
200 4.98097349045873e-01 -1.24000000000000e+00 -4.35778713738291e-02
201 4.98097349045873e-01 -1.23000000000000e+00 -4.35778713738291e-02
202 4.98097349045873e-01 -1.22000000000000e+00 -4.35778713738291e-02
203 4.98097349045873e-01 -1.21000000000000e+00 -4.35778713738291e-02
204 4.98097349045873e-01 -1.20000000000000e+00 -4.35778713738291e-02
205 4.98097349045873e-01 -1.19000000000000e+00 -4.35778713738291e-02
206 4.98097349045873e-01 -1.18000000000000e+00 -4.35778713738291e-02
207 4.98097349045873e-01 -1.17000000000000e+00 -4.35778713738291e-02
208 4.98097349045873e-01 -1.16000000000000e+00 -4.35778713738291e-02
209 4.98097349045873e-01 -1.15000000000000e+00 -4.35778713738291e-02
210 4.98097349045873e-01 -1.14000000000000e+00 -4.35778713738291e-02
211 4.98097349045873e-01 -1.13000000000000e+00 -4.35778713738291e-02
212 4.98097349045873e-01 -1.12000000000000e+00 -4.35778713738291e-02
213 4.98097349045873e-01 -1.11000000000000e+00 -4.35778713738291e-02
214 4.98097349045873e-01 -1.10000000000000e+00 -4.35778713738291e-02
215 4.98097349045873e-01 -1.09000000000000e+00 -4.35778713738291e-02
216 4.98097349045873e-01 -1.08000000000000e+00 -4.35778713738291e-02
217 4.98097349045873e-01 -1.07000000000000e+00 -4.35778713738291e-02
218 4.98097349045873e-01 -1.06000000000000e+00 -4.35778713738291e-02
219 4.98097349045873e-01 -1.05000000000000e+00 -4.35778713738291e-02
220 4.98097349045873e-01 -1.04000000000000e+00 -4.35778713738291e-02
221 4.98097349045873e-01 -1.03000000000000e+00 -4.35778713738291e-02
222 4.98097349045873e-01 -1.02000000000000e+00 -4.35778713738291e-02
223 4.98097349045873e-01 -1.01000000000000e+00 -4.35778713738291e-02
224 4.98097349045873e-01 -9.99999999999999e-01 -4.35778713738291e-02
225 4.98097349045873e-01 -9.89999999999999e-01 -4.35778713738291e-02
226 4.98097349045873e-01 -9.79999999999999e-01 -4.35778713738291e-02
227 4.98097349045873e-01 -9.69999999999999e-01 -4.35778713738291e-02
228 4.98097349045873e-01 -9.59999999999999e-01 -4.35778713738291e-02
229 4.98097349045873e-01 -9.49999999999999e-01 -4.35778713738291e-02
230 4.98097349045873e-01 -9.39999999999999e-01 -4.35778713738291e-02
231 4.98097349045873e-01 -9.29999999999999e-01 -4.35778713738291e-02
232 4.98097349045873e-01 -9.19999999999999e-01 -4.35778713738291e-02
233 4.98097349045873e-01 -9.09999999999999e-01 -4.35778713738291e-02
234 4.98097349045873e-01 -8.99999999999999e-01 -4.35778713738291e-02
235 4.98097349045873e-01 -8.89999999999999e-01 -4.35778713738291e-02
236 4.98097349045873e-01 -8.79999999999999e-01 -4.35778713738291e-02
237 4.98097349045873e-01 -8.69999999999999e-01 -4.35778713738291e-02
238 4.98097349045873e-01 -8.59999999999999e-01 -4.35778713738291e-02
239 4.98097349045873e-01 -8.49999999999999e-01 -4.35778713738291e-02
240 4.98097349045873e-01 -8.39999999999999e-01 -4.35778713738291e-02
241 4.98097349045873e-01 -8.29999999999999e-01 -4.35778713738291e-02
242 4.98097349045873e-01 -8.19999999999999e-01 -4.35778713738291e-02
243 4.98097349045873e-01 -8.09999999999999e-01 -4.35778713738291e-02
244 4.98097349045873e-01 -7.99999999999999e-01 -4.35778713738291e-02
245 4.98097349045873e-01 -7.89999999999999e-01 -4.35778713738291e-02
246 4.98097349045873e-01 -7.79999999999999e-01 -4.35778713738291e-02
247 4.98097349045873e-01 -7.69999999999999e-01 -4.35778713738291e-02
248 4.98097349045873e-01 -7.59999999999999e-01 -4.35778713738291e-02
249 4.98097349045873e-01 -7.49999999999999e-01 -4.35778713738291e-02
250 4.98097349045873e-01 -7.39999999999999e-01 -4.35778713738291e-02
251 4.98097349045873e-01 -7.29999999999999e-01 -4.35778713738291e-02
252 4.98097349045873e-01 -7.19999999999999e-01 -4.35778713738291e-02
253 4.98097349045873e-01 -7.09999999999999e-01 -4.35778713738291e-02
254 4.98097349045873e-01 -6.99999999999999e-01 -4.35778713738291e-02
255 4.98097349045873e-01 -6.89999999999999e-01 -4.35778713738291e-02
256 4.98097349045873e-01 -6.79999999999999e-01 -4.35778713738291e-02
257 4.98097349045873e-01 -6.69999999999999e-01 -4.35778713738291e-02
258 4.98097349045873e-01 -6.59999999999999e-01 -4.35778713738291e-02
259 4.98097349045873e-01 -6.49999999999999e-01 -4.35778713738291e-02
260 4.98097349045873e-01 -6.39999999999999e-01 -4.35778713738291e-02
261 4.98097349045873e-01 -6.29999999999999e-01 -4.35778713738291e-02
262 4.98097349045873e-01 -6.19999999999999e-01 -4.35778713738291e-02
263 4.98097349045873e-01 -6.09999999999999e-01 -4.35778713738291e-02
264 4.98097349045873e-01 -5.99999999999999e-01 -4.35778713738291e-02
265 4.98097349045873e-01 -5.89999999999999e-01 -4.35778713738291e-02
266 4.98097349045873e-01 -5.79999999999999e-01 -4.35778713738291e-02
267 4.98097349045873e-01 -5.69999999999999e-01 -4.35778713738291e-02
268 4.98097349045873e-01 -5.59999999999999e-01 -4.35778713738291e-02
269 4.98097349045873e-01 -5.49999999999999e-01 -4.35778713738291e-02
270 4.98097349045873e-01 -5.39999999999999e-01 -4.35778713738291e-02
271 4.98097349045873e-01 -5.29999999999999e-01 -4.35778713738291e-02
272 4.98097349045873e-01 -5.19999999999999e-01 -4.35778713738291e-02
273 4.98097349045873e-01 -5.09999999999999e-01 -4.35778713738291e-02
274 4.98097349045873e-01 -4.99999999999999e-01 -4.35778713738291e-02
275 4.98097349045873e-01 -4.89999999999999e-01 -4.35778713738291e-02
276 4.98097349045873e-01 -4.79999999999999e-01 -4.35778713738291e-02
277 4.98097349045873e-01 -4.69999999999999e-01 -4.35778713738291e-02
278 4.98097349045873e-01 -4.59999999999999e-01 -4.35778713738291e-02
279 4.98097349045873e-01 -4.49999999999999e-01 -4.35778713738291e-02
280 4.98097349045873e-01 -4.39999999999999e-01 -4.35778713738291e-02
281 4.98097349045873e-01 -4.29999999999999e-01 -4.35778713738291e-02
282 4.98097349045873e-01 -4.19999999999999e-01 -4.35778713738291e-02
283 4.98097349045873e-01 -4.09999999999999e-01 -4.35778713738291e-02
284 4.98097349045873e-01 -3.99999999999999e-01 -4.35778713738291e-02
285 4.98097349045873e-01 -3.89999999999999e-01 -4.35778713738291e-02
286 4.98097349045873e-01 -3.79999999999999e-01 -4.35778713738291e-02
287 4.98097349045873e-01 -3.69999999999999e-01 -4.35778713738291e-02
288 4.98097349045873e-01 -3.59999999999999e-01 -4.35778713738291e-02
289 4.98097349045873e-01 -3.49999999999999e-01 -4.35778713738291e-02
290 4.98097349045873e-01 -3.39999999999999e-01 -4.35778713738291e-02
291 4.98097349045873e-01 -3.29999999999999e-01 -4.35778713738291e-02
292 4.98097349045873e-01 -3.19999999999999e-01 -4.35778713738291e-02
293 4.98097349045873e-01 -3.09999999999999e-01 -4.35778713738291e-02
294 4.98097349045873e-01 -2.99999999999999e-01 -4.35778713738291e-02
295 4.98097349045873e-01 -2.89999999999999e-01 -4.35778713738291e-02
296 4.98097349045873e-01 -2.79999999999999e-01 -4.35778713738291e-02
297 4.98097349045873e-01 -2.69999999999999e-01 -4.35778713738291e-02
298 4.98097349045873e-01 -2.59999999999999e-01 -4.35778713738291e-02
299 4.98097349045873e-01 -2.49999999999999e-01 -4.35778713738291e-02
300 4.98097349045873e-01 -2.39999999999999e-01 -4.35778713738291e-02
301 4.98097349045873e-01 -2.29999999999999e-01 -4.35778713738291e-02
302 4.98097349045873e-01 -2.19999999999999e-01 -4.35778713738291e-02
303 4.98097349045873e-01 -2.09999999999999e-01 -4.35778713738291e-02
304 4.98097349045873e-01 -1.99999999999999e-01 -4.35778713738291e-02
305 4.98097349045873e-01 -1.89999999999999e-01 -4.35778713738291e-02
306 4.98097349045873e-01 -1.79999999999999e-01 -4.35778713738291e-02
307 4.98097349045873e-01 -1.69999999999999e-01 -4.35778713738291e-02
308 4.98097349045873e-01 -1.59999999999999e-01 -4.35778713738291e-02
309 4.98097349045873e-01 -1.49999999999999e-01 -4.35778713738291e-02
310 4.98097349045873e-01 -1.39999999999999e-01 -4.35778713738291e-02
311 4.98097349045873e-01 -1.29999999999999e-01 -4.35778713738291e-02
312 4.98097349045873e-01 -1.19999999999999e-01 -4.35778713738291e-02
313 4.98097349045873e-01 -1.09999999999999e-01 -4.35778713738291e-02
314 4.98097349045873e-01 -9.99999999999985e-02 -4.35778713738291e-02
315 4.98097349045873e-01 -8.99999999999985e-02 -4.35778713738291e-02
316 4.98097349045873e-01 -7.99999999999985e-02 -4.35778713738291e-02
317 4.98097349045873e-01 -6.99999999999985e-02 -4.35778713738291e-02
318 4.98097349045873e-01 -5.99999999999985e-02 -4.35778713738291e-02
319 4.98097349045873e-01 -4.99999999999985e-02 -4.35778713738291e-02
320 4.98097349045873e-01 -3.99999999999985e-02 -4.35778713738291e-02
321 4.98097349045873e-01 -2.99999999999985e-02 -4.35778713738291e-02
322 4.98097349045873e-01 -1.99999999999985e-02 -4.35778713738291e-02
323 4.98097349045873e-01 -9.99999999999845e-03 -4.35778713738291e-02
324 4.98097349045873e-01 1.33226762955019e-15 -4.35778713738291e-02
325 4.98097349045873e-01 1.00000000000011e-02 -4.35778713738291e-02
326 4.98097349045873e-01 2.00000000000009e-02 -4.35778713738291e-02
327 4.98097349045873e-01 3.00000000000007e-02 -4.35778713738291e-02
328 4.98097349045873e-01 4.00000000000005e-02 -4.35778713738291e-02
329 4.98097349045873e-01 5.00000000000003e-02 -4.35778713738291e-02
330 4.98097349045873e-01 6.00000000000001e-02 -4.35778713738291e-02
331 4.98097349045873e-01 6.99999999999998e-02 -4.35778713738291e-02
332 4.98097349045873e-01 7.99999999999996e-02 -4.35778713738291e-02
333 4.98097349045873e-01 8.99999999999994e-02 -4.35778713738291e-02
334 4.98097349045873e-01 9.99999999999992e-02 -4.35778713738291e-02
335 4.98097349045873e-01 1.09999999999999e-01 -4.35778713738291e-02
336 4.98097349045873e-01 1.19999999999999e-01 -4.35778713738291e-02
337 4.98097349045873e-01 1.29999999999999e-01 -4.35778713738291e-02
338 4.98097349045873e-01 1.39999999999998e-01 -4.35778713738291e-02
339 4.98097349045873e-01 1.49999999999998e-01 -4.35778713738291e-02
340 4.98097349045873e-01 1.59999999999998e-01 -4.35778713738291e-02
341 4.98097349045873e-01 1.69999999999998e-01 -4.35778713738291e-02
342 4.98097349045873e-01 1.79999999999997e-01 -4.35778713738291e-02
343 4.98097349045873e-01 1.89999999999997e-01 -4.35778713738291e-02
344 4.98097349045873e-01 1.99999999999997e-01 -4.35778713738291e-02
345 4.98097349045873e-01 2.09999999999997e-01 -4.35778713738291e-02
346 4.98097349045873e-01 2.19999999999997e-01 -4.35778713738291e-02
347 4.98097349045873e-01 2.29999999999996e-01 -4.35778713738291e-02
348 4.98097349045873e-01 2.39999999999996e-01 -4.35778713738291e-02
349 4.98097349045873e-01 2.49999999999996e-01 -4.35778713738291e-02
350 4.98097349045873e-01 2.59999999999996e-01 -4.35778713738291e-02
351 4.98097349045873e-01 2.69999999999996e-01 -4.35778713738291e-02
352 4.98097349045873e-01 2.79999999999995e-01 -4.35778713738291e-02
353 4.98097349045873e-01 2.89999999999995e-01 -4.35778713738291e-02
354 4.98097349045873e-01 2.99999999999995e-01 -4.35778713738291e-02
355 4.98097349045873e-01 3.09999999999995e-01 -4.35778713738291e-02
356 4.98097349045873e-01 3.19999999999995e-01 -4.35778713738291e-02
357 4.98097349045873e-01 3.29999999999994e-01 -4.35778713738291e-02
358 4.98097349045873e-01 3.39999999999994e-01 -4.35778713738291e-02
359 4.98097349045873e-01 3.49999999999994e-01 -4.35778713738291e-02
360 4.98097349045873e-01 3.59999999999994e-01 -4.35778713738291e-02
361 4.98097349045873e-01 3.69999999999993e-01 -4.35778713738291e-02
362 4.98097349045873e-01 3.79999999999993e-01 -4.35778713738291e-02
363 4.98097349045873e-01 3.89999999999993e-01 -4.35778713738291e-02
364 4.98097349045873e-01 3.99999999999993e-01 -4.35778713738291e-02
365 4.98097349045873e-01 4.09999999999993e-01 -4.35778713738291e-02
366 4.98097349045873e-01 4.19999999999992e-01 -4.35778713738291e-02
367 4.98097349045873e-01 4.29999999999992e-01 -4.35778713738291e-02
368 4.98097349045873e-01 4.39999999999992e-01 -4.35778713738291e-02
369 4.98097349045873e-01 4.49999999999992e-01 -4.35778713738291e-02
370 4.98097349045873e-01 4.59999999999992e-01 -4.35778713738291e-02
371 4.98097349045873e-01 4.69999999999991e-01 -4.35778713738291e-02
372 4.98097349045873e-01 4.79999999999991e-01 -4.35778713738291e-02
373 4.98097349045873e-01 4.89999999999991e-01 -4.35778713738291e-02
374 4.98097349045873e-01 4.99999999999991e-01 -4.35778713738291e-02
375 4.98097349045873e-01 5.09999999999990e-01 -4.35778713738291e-02
376 4.98097349045873e-01 5.19999999999990e-01 -4.35778713738291e-02
377 4.98097349045873e-01 5.29999999999990e-01 -4.35778713738291e-02
378 4.98097349045873e-01 5.39999999999990e-01 -4.35778713738291e-02
379 4.98097349045873e-01 5.49999999999990e-01 -4.35778713738291e-02
380 4.98097349045873e-01 5.59999999999989e-01 -4.35778713738291e-02
381 4.98097349045873e-01 5.69999999999989e-01 -4.35778713738291e-02
382 4.98097349045873e-01 5.79999999999989e-01 -4.35778713738291e-02
383 4.98097349045873e-01 5.89999999999989e-01 -4.35778713738291e-02
384 4.98097349045873e-01 5.99999999999989e-01 -4.35778713738291e-02
385 4.98097349045873e-01 6.09999999999988e-01 -4.35778713738291e-02
386 4.98097349045873e-01 6.19999999999988e-01 -4.35778713738291e-02
387 4.98097349045873e-01 6.29999999999988e-01 -4.35778713738291e-02
388 4.98097349045873e-01 6.39999999999988e-01 -4.35778713738291e-02
389 4.98097349045873e-01 6.49999999999987e-01 -4.35778713738291e-02
390 4.98097349045873e-01 6.59999999999987e-01 -4.35778713738291e-02
391 4.98097349045873e-01 6.69999999999987e-01 -4.35778713738291e-02
392 4.98097349045873e-01 6.79999999999987e-01 -4.35778713738291e-02
393 4.98097349045873e-01 6.89999999999987e-01 -4.35778713738291e-02
394 4.98097349045873e-01 6.99999999999986e-01 -4.35778713738291e-02
395 4.98097349045873e-01 7.09999999999986e-01 -4.35778713738291e-02
396 4.98097349045873e-01 7.19999999999986e-01 -4.35778713738291e-02
397 4.98097349045873e-01 7.29999999999986e-01 -4.35778713738291e-02
398 4.98097349045873e-01 7.39999999999986e-01 -4.35778713738291e-02
399 4.98097349045873e-01 7.49999999999985e-01 -4.35778713738291e-02
400 4.98097349045873e-01 7.59999999999985e-01 -4.35778713738291e-02
401 4.98097349045873e-01 7.69999999999985e-01 -4.35778713738291e-02
402 4.98097349045873e-01 7.79999999999985e-01 -4.35778713738291e-02
403 4.98097349045873e-01 7.89999999999984e-01 -4.35778713738291e-02
404 4.98097349045873e-01 7.99999999999984e-01 -4.35778713738291e-02
405 4.98097349045873e-01 8.09999999999984e-01 -4.35778713738291e-02
406 4.98097349045873e-01 8.19999999999984e-01 -4.35778713738291e-02
407 4.98097349045873e-01 8.29999999999984e-01 -4.35778713738291e-02
408 4.98097349045873e-01 8.39999999999983e-01 -4.35778713738291e-02
409 4.98097349045873e-01 8.49999999999983e-01 -4.35778713738291e-02
410 4.98097349045873e-01 8.59999999999983e-01 -4.35778713738291e-02
411 4.98097349045873e-01 8.69999999999983e-01 -4.35778713738291e-02
412 4.98097349045873e-01 8.79999999999983e-01 -4.35778713738291e-02
413 4.98097349045873e-01 8.89999999999982e-01 -4.35778713738291e-02
414 4.98097349045873e-01 8.99999999999982e-01 -4.35778713738291e-02
415 4.98097349045873e-01 9.09999999999982e-01 -4.35778713738291e-02
416 4.98097349045873e-01 9.19999999999982e-01 -4.35778713738291e-02
417 4.98097349045873e-01 9.29999999999982e-01 -4.35778713738291e-02
418 4.98097349045873e-01 9.39999999999981e-01 -4.35778713738291e-02
419 4.98097349045873e-01 9.49999999999981e-01 -4.35778713738291e-02
420 4.98097349045873e-01 9.59999999999981e-01 -4.35778713738291e-02
421 4.98097349045873e-01 9.69999999999981e-01 -4.35778713738291e-02
422 4.98097349045873e-01 9.79999999999980e-01 -4.35778713738291e-02
423 4.98097349045873e-01 9.89999999999980e-01 -4.35778713738291e-02
424 4.98097349045873e-01 9.99999999999980e-01 -4.35778713738291e-02
425 4.98097349045873e-01 1.00999999999998e+00 -4.35778713738291e-02
426 4.98097349045873e-01 1.01999999999998e+00 -4.35778713738291e-02
427 4.98097349045873e-01 1.02999999999998e+00 -4.35778713738291e-02
428 4.98097349045873e-01 1.03999999999998e+00 -4.35778713738291e-02
429 4.98097349045873e-01 1.04999999999998e+00 -4.35778713738291e-02
430 4.98097349045873e-01 1.05999999999998e+00 -4.35778713738291e-02
431 4.98097349045873e-01 1.06999999999998e+00 -4.35778713738291e-02
432 4.98097349045873e-01 1.07999999999998e+00 -4.35778713738291e-02
433 4.98097349045873e-01 1.08999999999998e+00 -4.35778713738291e-02
434 4.98097349045873e-01 1.09999999999998e+00 -4.35778713738291e-02
435 4.98097349045873e-01 1.10999999999998e+00 -4.35778713738291e-02
436 4.98097349045873e-01 1.11999999999998e+00 -4.35778713738291e-02
437 4.98097349045873e-01 1.12999999999998e+00 -4.35778713738291e-02
438 4.98097349045873e-01 1.13999999999998e+00 -4.35778713738291e-02
439 4.98097349045873e-01 1.14999999999998e+00 -4.35778713738291e-02
440 4.98097349045873e-01 1.15999999999998e+00 -4.35778713738291e-02
441 4.98097349045873e-01 1.16999999999998e+00 -4.35778713738291e-02
442 4.98097349045873e-01 1.17999999999998e+00 -4.35778713738291e-02
443 4.98097349045873e-01 1.18999999999998e+00 -4.35778713738291e-02
444 4.98097349045873e-01 1.19999999999998e+00 -4.35778713738291e-02
445 4.98097349045873e-01 1.20999999999998e+00 -4.35778713738291e-02
446 4.98097349045873e-01 1.21999999999998e+00 -4.35778713738291e-02
447 4.98097349045873e-01 1.22999999999998e+00 -4.35778713738291e-02
448 4.98097349045873e-01 1.23999999999997e+00 -4.35778713738291e-02
449 4.98097349045873e-01 1.24999999999997e+00 -4.35778713738291e-02
450 4.98097349045873e-01 1.25999999999997e+00 -4.35778713738291e-02
451 4.98097349045873e-01 1.26999999999997e+00 -4.35778713738291e-02
452 4.98097349045873e-01 1.27999999999997e+00 -4.35778713738291e-02
453 4.98097349045873e-01 1.28999999999997e+00 -4.35778713738291e-02
454 4.98097349045873e-01 1.29999999999997e+00 -4.35778713738291e-02
455 4.98097349045873e-01 1.30999999999997e+00 -4.35778713738291e-02
456 4.98097349045873e-01 1.31999999999997e+00 -4.35778713738291e-02
457 4.98097349045873e-01 1.32999999999997e+00 -4.35778713738291e-02
458 4.98097349045873e-01 1.33999999999997e+00 -4.35778713738291e-02
459 4.98097349045873e-01 1.34999999999997e+00 -4.35778713738291e-02
460 4.98097349045873e-01 1.35999999999997e+00 -4.35778713738291e-02
461 4.98097349045873e-01 1.36999999999997e+00 -4.35778713738291e-02
462 4.98097349045873e-01 1.37999999999997e+00 -4.35778713738291e-02
463 4.98097349045873e-01 1.38999999999997e+00 -4.35778713738291e-02
464 4.98097349045873e-01 1.39999999999997e+00 -4.35778713738291e-02
465 4.98097349045873e-01 1.40999999999997e+00 -4.35778713738291e-02
466 4.98097349045873e-01 1.41999999999997e+00 -4.35778713738291e-02
467 4.98097349045873e-01 1.42999999999997e+00 -4.35778713738291e-02
468 4.98097349045873e-01 1.43999999999997e+00 -4.35778713738291e-02
469 4.98097349045873e-01 1.44999999999997e+00 -4.35778713738291e-02
470 4.98097349045873e-01 1.45999999999997e+00 -4.35778713738291e-02
471 4.98097349045873e-01 1.46999999999997e+00 -4.35778713738291e-02
472 4.98097349045873e-01 1.47999999999997e+00 -4.35778713738291e-02
473 4.98097349045873e-01 1.48999999999997e+00 -4.35778713738291e-02
474 4.98097349045873e-01 1.49999999999997e+00 -4.35778713738291e-02
475 4.98097349045873e-01 1.50999999999997e+00 -4.35778713738291e-02
476 4.98097349045873e-01 1.51999999999997e+00 -4.35778713738291e-02
477 4.98097349045873e-01 1.52999999999997e+00 -4.35778713738291e-02
478 4.98097349045873e-01 1.53999999999997e+00 -4.35778713738291e-02
479 4.98097349045873e-01 1.54999999999997e+00 -4.35778713738291e-02
480 4.98097349045873e-01 1.55999999999997e+00 -4.35778713738291e-02
481 4.98097349045873e-01 1.56999999999997e+00 -4.35778713738291e-02
482 4.98097349045873e-01 1.57999999999997e+00 -4.35778713738291e-02
483 4.98097349045873e-01 1.58999999999997e+00 -4.35778713738291e-02
484 4.98097349045873e-01 1.59999999999997e+00 -4.35778713738291e-02
485 4.98097349045873e-01 1.60999999999997e+00 -4.35778713738291e-02
486 4.98097349045873e-01 1.61999999999997e+00 -4.35778713738291e-02
487 4.98097349045873e-01 1.62999999999997e+00 -4.35778713738291e-02
488 4.98097349045873e-01 1.63999999999997e+00 -4.35778713738291e-02
489 4.98097349045873e-01 1.64999999999997e+00 -4.35778713738291e-02
490 4.98097349045873e-01 1.65999999999997e+00 -4.35778713738291e-02
491 4.98097349045873e-01 1.66999999999997e+00 -4.35778713738291e-02
492 4.98097349045873e-01 1.67999999999997e+00 -4.35778713738291e-02
493 4.98097349045873e-01 1.68999999999997e+00 -4.35778713738291e-02
494 4.98097349045873e-01 1.69999999999997e+00 -4.35778713738291e-02
495 4.98097349045873e-01 1.70999999999996e+00 -4.35778713738291e-02
496 4.98097349045873e-01 1.71999999999996e+00 -4.35778713738291e-02
497 4.98097349045873e-01 1.72999999999996e+00 -4.35778713738291e-02
498 4.98097349045873e-01 1.73999999999996e+00 -4.35778713738291e-02
499 4.98097349045873e-01 1.74999999999996e+00 -4.35778713738291e-02
500 4.98097349045873e-01 1.75999999999996e+00 -4.35778713738291e-02
501 4.98097349045873e-01 1.76999999999996e+00 -4.35778713738291e-02
502 4.98097349045873e-01 1.77999999999996e+00 -4.35778713738291e-02
503 4.98097349045873e-01 1.78999999999996e+00 -4.35778713738291e-02
504 4.98097349045873e-01 1.79999999999996e+00 -4.35778713738291e-02
505 4.98097349045873e-01 1.80999999999996e+00 -4.35778713738291e-02
506 4.98097349045873e-01 1.81999999999996e+00 -4.35778713738291e-02
507 4.98097349045873e-01 1.82999999999996e+00 -4.35778713738291e-02
508 4.98097349045873e-01 1.83999999999996e+00 -4.35778713738291e-02
509 4.98097349045873e-01 1.84999999999996e+00 -4.35778713738291e-02
510 4.98097349045873e-01 1.85999999999996e+00 -4.35778713738291e-02
511 4.98097349045873e-01 1.86999999999996e+00 -4.35778713738291e-02
512 4.98097349045873e-01 1.87999999999996e+00 -4.35778713738291e-02
513 4.98097349045873e-01 1.88999999999996e+00 -4.35778713738291e-02
514 4.98097349045873e-01 1.89999999999996e+00 -4.35778713738291e-02
515 4.98097349045873e-01 1.90999999999996e+00 -4.35778713738291e-02
516 4.98097349045873e-01 1.91999999999996e+00 -4.35778713738291e-02
517 4.98097349045873e-01 1.92999999999996e+00 -4.35778713738291e-02
518 4.98097349045873e-01 1.93999999999996e+00 -4.35778713738291e-02
519 4.98097349045873e-01 1.94999999999996e+00 -4.35778713738291e-02
520 4.98097349045873e-01 1.95999999999996e+00 -4.35778713738291e-02
521 4.98097349045873e-01 1.96999999999996e+00 -4.35778713738291e-02
522 4.98097349045873e-01 1.97999999999996e+00 -4.35778713738291e-02
523 4.98097349045873e-01 1.98999999999996e+00 -4.35778713738291e-02
121 102 9 125 
122 102 125 126 
123 102 126 127 
124 102 127 128 
125 102 128 129 
126 102 129 130 
127 102 130 131 
128 102 131 132 
129 102 132 133 
130 102 133 134 
131 102 134 135 
132 102 135 136 
133 102 136 137 
134 102 137 138 
135 102 138 139 
136 102 139 140 
137 102 140 141 
138 102 141 142 
139 102 142 143 
140 102 143 144 
141 102 144 145 
142 102 145 146 
143 102 146 147 
144 102 147 148 
145 102 148 149 
146 102 149 150 
147 102 150 151 
148 102 151 152 
149 102 152 153 
150 102 153 154 
151 102 154 155 
152 102 155 156 
153 102 156 157 
154 102 157 158 
155 102 158 159 
156 102 159 160 
157 102 160 161 
158 102 161 162 
159 102 162 163 
160 102 163 164 
161 102 164 165 
162 102 165 166 
163 102 166 167 
164 102 167 168 
165 102 168 169 
166 102 169 170 
167 102 170 171 
168 102 171 172 
169 102 172 173 
170 102 173 174 
171 102 174 175 
172 102 175 176 
173 102 176 177 
174 102 177 178 
175 102 178 179 
176 102 179 180 
177 102 180 181 
178 102 181 182 
179 102 182 183 
180 102 183 184 
181 102 184 185 
182 102 185 186 
183 102 186 187 
184 102 187 188 
185 102 188 189 
186 102 189 190 
187 102 190 191 
188 102 191 192 
189 102 192 193 
190 102 193 194 
191 102 194 195 
192 102 195 196 
193 102 196 197 
194 102 197 198 
195 102 198 199 
196 102 199 200 
197 102 200 201 
198 102 201 202 
199 102 202 203 
200 102 203 204 
201 102 204 205 
202 102 205 206 
203 102 206 207 
204 102 207 208 
205 102 208 209 
206 102 209 210 
207 102 210 211 
208 102 211 212 
209 102 212 213 
210 102 213 214 
211 102 214 215 
212 102 215 216 
213 102 216 217 
214 102 217 218 
215 102 218 219 
216 102 219 220 
217 102 220 221 
218 102 221 222 
219 102 222 223 
220 102 223 224 
221 102 224 225 
222 102 225 226 
223 102 226 227 
224 102 227 228 
225 102 228 229 
226 102 229 230 
227 102 230 231 
228 102 231 232 
229 102 232 233 
230 102 233 234 
231 102 234 235 
232 102 235 236 
233 102 236 237 
234 102 237 238 
235 102 238 239 
236 102 239 240 
237 102 240 241 
238 102 241 242 
239 102 242 243 
240 102 243 244 
241 102 244 245 
242 102 245 246 
243 102 246 247 
244 102 247 248 
245 102 248 249 
246 102 249 250 
247 102 250 251 
248 102 251 252 
249 102 252 253 
250 102 253 254 
251 102 254 255 
252 102 255 256 
253 102 256 257 
254 102 257 258 
255 102 258 259 
256 102 259 260 
257 102 260 261 
258 102 261 262 
259 102 262 263 
260 102 263 264 
261 102 264 265 
262 102 265 266 
263 102 266 267 
264 102 267 268 
265 102 268 269 
266 102 269 270 
267 102 270 271 
268 102 271 272 
269 102 272 273 
270 102 273 274 
271 102 274 275 
272 102 275 276 
273 102 276 277 
274 102 277 278 
275 102 278 279 
276 102 279 280 
277 102 280 281 
278 102 281 282 
279 102 282 283 
280 102 283 284 
281 102 284 285 
282 102 285 286 
283 102 286 287 
284 102 287 288 
285 102 288 289 
286 102 289 290 
287 102 290 291 
288 102 291 292 
289 102 292 293 
290 102 293 294 
291 102 294 295 
292 102 295 296 
293 102 296 297 
294 102 297 298 
295 102 298 299 
296 102 299 300 
297 102 300 301 
298 102 301 302 
299 102 302 303 
300 102 303 304 
301 102 304 305 
302 102 305 306 
303 102 306 307 
304 102 307 308 
305 102 308 309 
306 102 309 310 
307 102 310 311 
308 102 311 312 
309 102 312 313 
310 102 313 314 
311 102 314 315 
312 102 315 316 
313 102 316 317 
314 102 317 318 
315 102 318 319 
316 102 319 320 
317 102 320 321 
318 102 321 322 
319 102 322 323 
320 102 323 324 
321 102 324 325 
322 102 325 326 
323 102 326 327 
324 102 327 328 
325 102 328 329 
326 102 329 330 
327 102 330 331 
328 102 331 332 
329 102 332 333 
330 102 333 334 
331 102 334 335 
332 102 335 336 
333 102 336 337 
334 102 337 338 
335 102 338 339 
336 102 339 340 
337 102 340 341 
338 102 341 342 
339 102 342 343 
340 102 343 344 
341 102 344 345 
342 102 345 346 
343 102 346 347 
344 102 347 348 
345 102 348 349 
346 102 349 350 
347 102 350 351 
348 102 351 352 
349 102 352 353 
350 102 353 354 
351 102 354 355 
352 102 355 356 
353 102 356 357 
354 102 357 358 
355 102 358 359 
356 102 359 360 
357 102 360 361 
358 102 361 362 
359 102 362 363 
360 102 363 364 
361 102 364 365 
362 102 365 366 
363 102 366 367 
364 102 367 368 
365 102 368 369 
366 102 369 370 
367 102 370 371 
368 102 371 372 
369 102 372 373 
370 102 373 374 
371 102 374 375 
372 102 375 376 
373 102 376 377 
374 102 377 378 
375 102 378 379 
376 102 379 380 
377 102 380 381 
378 102 381 382 
379 102 382 383 
380 102 383 384 
381 102 384 385 
382 102 385 386 
383 102 386 387 
384 102 387 388 
385 102 388 389 
386 102 389 390 
387 102 390 391 
388 102 391 392 
389 102 392 393 
390 102 393 394 
391 102 394 395 
392 102 395 396 
393 102 396 397 
394 102 397 398 
395 102 398 399 
396 102 399 400 
397 102 400 401 
398 102 401 402 
399 102 402 403 
400 102 403 404 
401 102 404 405 
402 102 405 406 
403 102 406 407 
404 102 407 408 
405 102 408 409 
406 102 409 410 
407 102 410 411 
408 102 411 412 
409 102 412 413 
410 102 413 414 
411 102 414 415 
412 102 415 416 
413 102 416 417 
414 102 417 418 
415 102 418 419 
416 102 419 420 
417 102 420 421 
418 102 421 422 
419 102 422 423 
420 102 423 424 
421 102 424 425 
422 102 425 426 
423 102 426 427 
424 102 427 428 
425 102 428 429 
426 102 429 430 
427 102 430 431 
428 102 431 432 
429 102 432 433 
430 102 433 434 
431 102 434 435 
432 102 435 436 
433 102 436 437 
434 102 437 438 
435 102 438 439 
436 102 439 440 
437 102 440 441 
438 102 441 442 
439 102 442 443 
440 102 443 444 
441 102 444 445 
442 102 445 446 
443 102 446 447 
444 102 447 448 
445 102 448 449 
446 102 449 450 
447 102 450 451 
448 102 451 452 
449 102 452 453 
450 102 453 454 
451 102 454 455 
452 102 455 456 
453 102 456 457 
454 102 457 458 
455 102 458 459 
456 102 459 460 
457 102 460 461 
458 102 461 462 
459 102 462 463 
460 102 463 464 
461 102 464 465 
462 102 465 466 
463 102 466 467 
464 102 467 468 
465 102 468 469 
466 102 469 470 
467 102 470 471 
468 102 471 472 
469 102 472 473 
470 102 473 474 
471 102 474 475 
472 102 475 476 
473 102 476 477 
474 102 477 478 
475 102 478 479 
476 102 479 480 
477 102 480 481 
478 102 481 482 
479 102 482 483 
480 102 483 484 
481 102 484 485 
482 102 485 486 
483 102 486 487 
484 102 487 488 
485 102 488 489 
486 102 489 490 
487 102 490 491 
488 102 491 492 
489 102 492 493 
490 102 493 494 
491 102 494 495 
492 102 495 496 
493 102 496 497 
494 102 497 498 
495 102 498 499 
496 102 499 500 
497 102 500 501 
498 102 501 502 
499 102 502 503 
500 102 503 504 
501 102 504 505 
502 102 505 506 
503 102 506 507 
504 102 507 508 
505 102 508 509 
506 102 509 510 
507 102 510 511 
508 102 511 512 
509 102 512 513 
510 102 513 514 
511 102 514 515 
512 102 515 516 
513 102 516 517 
514 102 517 518 
515 102 518 519 
516 102 519 520 
517 102 520 521 
518 102 521 522 
519 102 522 523 
520 102 523 10 
