1048 1056
9 4.98097349045873e-01 0.00000000000000e+00 -4.35778713738291e-02
10 4.98097349045873e-01 1.00000000000000e-03 -4.35778713738291e-02
11 -4.60718346961663e-03 0.00000000000000e+00 -5.26603480261356e-02
12 -4.60718346961663e-03 1.00000000000000e-03 -5.26603480261356e-02
13 -4.98097349045873e-01 0.00000000000000e+00 4.35778713738291e-02
14 -4.98097349045873e-01 1.00000000000000e-03 4.35778713738291e-02
15 4.60718346961663e-03 0.00000000000000e+00 5.26603480261356e-02
16 4.60718346961663e-03 1.00000000000000e-03 5.26603480261356e-02
409 5.39027979246467e-03 0.00000000000000e+00 -5.28854895584276e-02
410 1.53547338916042e-02 0.00000000000000e+00 -5.30885019816645e-02
411 2.50411162479537e-02 0.00000000000000e+00 -5.32659611984302e-02
412 3.45524930166967e-02 0.00000000000000e+00 -5.34216525147004e-02
413 4.38920075906149e-02 0.00000000000000e+00 -5.35570959971056e-02
414 5.30627517613719e-02 0.00000000000000e+00 -5.36736970281807e-02
415 6.20677658063824e-02 0.00000000000000e+00 -5.37727561714656e-02
416 7.09100387001096e-02 0.00000000000000e+00 -5.38554780859190e-02
417 7.95925084284408e-02 0.00000000000000e+00 -5.39229795928786e-02
418 8.81180623882309e-02 0.00000000000000e+00 -5.39762969858635e-02
419 9.64895378569625e-02 0.00000000000000e+00 -5.40163926624742e-02
420 1.04709722519843e-01 0.00000000000000e+00 -5.40441611481990e-02
421 1.12781355043645e-01 0.00000000000000e+00 -5.40604345737711e-02
422 1.20707125688263e-01 0.00000000000000e+00 -5.40659876606704e-02
423 1.28489676948343e-01 0.00000000000000e+00 -5.40615422632509e-02
424 1.36131604218530e-01 0.00000000000000e+00 -5.40477715106390e-02
425 1.43635456476853e-01 0.00000000000000e+00 -5.40253035868758e-02
426 1.51003736981623e-01 0.00000000000000e+00 -5.39947251837066e-02
427 1.58238903977901e-01 0.00000000000000e+00 -5.39565846568069e-02
428 1.65343371410225e-01 0.00000000000000e+00 -5.39113949130667e-02
429 1.72319509638778e-01 0.00000000000000e+00 -5.38596360537598e-02
430 1.79169646156602e-01 0.00000000000000e+00 -5.38017577959196e-02
431 1.85896066305869e-01 0.00000000000000e+00 -5.37381816920480e-02
432 1.92501013991504e-01 0.00000000000000e+00 -5.36693031663042e-02
433 1.98986692390723e-01 0.00000000000000e+00 -5.35954933835798e-02
434 2.05355264657321e-01 0.00000000000000e+00 -5.35171009662773e-02
435 2.11608854619680e-01 0.00000000000000e+00 -5.34344535722219e-02
436 2.17749547471698e-01 0.00000000000000e+00 -5.33478593458600e-02
437 2.23779390455930e-01 0.00000000000000e+00 -5.32576082537842e-02
438 2.29700393538404e-01 0.00000000000000e+00 -5.31639733145828e-02
439 2.35514530074640e-01 0.00000000000000e+00 -5.30672117321156e-02
440 2.41223737466525e-01 0.00000000000000e+00 -5.29675659404786e-02
441 2.46829917809748e-01 0.00000000000000e+00 -5.28652645681701e-02
442 2.52334938531588e-01 0.00000000000000e+00 -5.27605233283115e-02
443 2.57740633018884e-01 0.00000000000000e+00 -5.26535458411436e-02
444 2.63048801236089e-01 0.00000000000000e+00 -5.25445243944835e-02
445 2.68261210333328e-01 0.00000000000000e+00 -5.24336406473132e-02
446 2.73379595244436e-01 0.00000000000000e+00 -5.23210662812276e-02
447 2.78405659274969e-01 0.00000000000000e+00 -5.22069636040407e-02
448 2.83341074680206e-01 0.00000000000000e+00 -5.20914861094937e-02
449 2.88187483233204e-01 0.00000000000000e+00 -5.19747789966481e-02
450 2.92946496782952e-01 0.00000000000000e+00 -5.18569796522459e-02
451 2.97619697802717e-01 0.00000000000000e+00 -5.17382180990432e-02
452 3.02208639928669e-01 0.00000000000000e+00 -5.16186174128454e-02
453 3.06714848488892e-01 0.00000000000000e+00 -5.14982941107654e-02
454 3.11139821022888e-01 0.00000000000000e+00 -5.13773585129861e-02
455 3.15485027791707e-01 0.00000000000000e+00 -5.12559150801339e-02
456 3.19751912278823e-01 0.00000000000000e+00 -5.11340627281796e-02
457 3.23941891681876e-01 0.00000000000000e+00 -5.10118951226267e-02
458 3.28056357395442e-01 0.00000000000000e+00 -5.08895009536000e-02
459 3.32096675484943e-01 0.00000000000000e+00 -5.07669641933061e-02
460 3.36064187151856e-01 0.00000000000000e+00 -5.06443643372210e-02
461 3.39960209190347e-01 0.00000000000000e+00 -5.05217766302418e-02
462 3.43786034435489e-01 0.00000000000000e+00 -5.03992722789410e-02
463 3.47542932203193e-01 0.00000000000000e+00 -5.02769186509659e-02
464 3.51232148722002e-01 0.00000000000000e+00 -5.01547794625313e-02
465 3.54854907556889e-01 0.00000000000000e+00 -5.00329149548971e-02
466 3.58412410025200e-01 0.00000000000000e+00 -4.99113820606200e-02
467 3.61905835604884e-01 0.00000000000000e+00 -4.97902345603295e-02
468 3.65336342335142e-01 0.00000000000000e+00 -4.96695232307025e-02
469 3.68705067209646e-01 0.00000000000000e+00 -4.95492959842596e-02
470 3.72013126562454e-01 0.00000000000000e+00 -4.94295980015593e-02
471 3.75261616446757e-01 0.00000000000000e+00 -4.93104718563148e-02
472 3.78451613006592e-01 0.00000000000000e+00 -4.91919576339153e-02
473 3.81584172841654e-01 0.00000000000000e+00 -4.90740930438058e-02
474 3.84660333365330e-01 0.00000000000000e+00 -4.89569135261263e-02
475 3.87681113156090e-01 0.00000000000000e+00 -4.88404523529937e-02
476 3.90647512302348e-01 0.00000000000000e+00 -4.87247407247748e-02
477 3.93560512740929e-01 0.00000000000000e+00 -4.86098078616683e-02
478 3.96421078589253e-01 0.00000000000000e+00 -4.84956810908934e-02
479 3.99230156471354e-01 0.00000000000000e+00 -4.83823859297576e-02
480 4.01988675837861e-01 0.00000000000000e+00 -4.82699461648585e-02
481 4.04697549280042e-01 0.00000000000000e+00 -4.81583839276447e-02
482 4.07357672838027e-01 0.00000000000000e+00 -4.80477197665624e-02
483 4.09969926303328e-01 0.00000000000000e+00 -4.79379727159752e-02
484 4.12535173515757e-01 0.00000000000000e+00 -4.78291603620501e-02
485 4.15054262654838e-01 0.00000000000000e+00 -4.77212989057762e-02
486 4.17528026525842e-01 0.00000000000000e+00 -4.76144032232744e-02
487 4.19957282840525e-01 0.00000000000000e+00 -4.75084869235469e-02
488 4.22342834492671e-01 0.00000000000000e+00 -4.74035624038008e-02
489 4.24685469828557e-01 0.00000000000000e+00 -4.72996409024738e-02
490 4.26985962912408e-01 0.00000000000000e+00 -4.71967325500780e-02
491 4.29245073786959e-01 0.00000000000000e+00 -4.70948464179770e-02
492 4.31463548729207e-01 0.00000000000000e+00 -4.69939905651880e-02
493 4.33642120501441e-01 0.00000000000000e+00 -4.68941720833188e-02
494 4.35781508597646e-01 0.00000000000000e+00 -4.67953971397131e-02
495 4.37882419485363e-01 0.00000000000000e+00 -4.66976710189013e-02
496 4.39945546843092e-01 0.00000000000000e+00 -4.66009981624265e-02
497 4.41971571793324e-01 0.00000000000000e+00 -4.65053822071207e-02
498 4.43961163131277e-01 0.00000000000000e+00 -4.64108260219016e-02
499 4.45914977549425e-01 0.00000000000000e+00 -4.63173317431517e-02
500 4.47833659857897e-01 0.00000000000000e+00 -4.62249008087433e-02
501 4.49717843200818e-01 0.00000000000000e+00 -4.61335339907638e-02
502 4.51568149268673e-01 0.00000000000000e+00 -4.60432314269969e-02
503 4.53385188506766e-01 0.00000000000000e+00 -4.59539926512087e-02
504 4.55169560319852e-01 0.00000000000000e+00 -4.58658166222882e-02
505 4.56921853273007e-01 0.00000000000000e+00 -4.57787017522889e-02
506 4.58642645288808e-01 0.00000000000000e+00 -4.56926459334085e-02
507 4.60332503840893e-01 0.00000000000000e+00 -4.56076465639567e-02
508 4.61991986143972e-01 0.00000000000000e+00 -4.55237005733406e-02
509 4.63621639340350e-01 0.00000000000000e+00 -4.54408044461105e-02
510 4.65222000683019e-01 0.00000000000000e+00 -4.53589542450999e-02
511 4.66793597715414e-01 0.00000000000000e+00 -4.52781456336910e-02
512 4.68336948447847e-01 0.00000000000000e+00 -4.51983738972391e-02
513 4.69852561530728e-01 0.00000000000000e+00 -4.51196339636872e-02
514 4.71340936424604e-01 0.00000000000000e+00 -4.50419204233979e-02
515 4.72802563567076e-01 0.00000000000000e+00 -4.49652275482309e-02
516 4.74237924536678e-01 0.00000000000000e+00 -4.48895493098938e-02
517 4.75647492213732e-01 0.00000000000000e+00 -4.48148793975903e-02
518 4.77031730938276e-01 0.00000000000000e+00 -4.47412112349908e-02
519 4.78391096665096e-01 0.00000000000000e+00 -4.46685379965496e-02
520 4.79726037115917e-01 0.00000000000000e+00 -4.45968526231900e-02
521 4.81036991928818e-01 0.00000000000000e+00 -4.45261478373774e-02
522 4.82324392804907e-01 0.00000000000000e+00 -4.44564161576087e-02
523 4.83588663652319e-01 0.00000000000000e+00 -4.43876499123267e-02
524 4.84830220727582e-01 0.00000000000000e+00 -4.43198412532889e-02
525 4.86049472774394e-01 0.00000000000000e+00 -4.42529821684036e-02
526 4.87246821159867e-01 0.00000000000000e+00 -4.41870644940540e-02
527 4.88422660008287e-01 0.00000000000000e+00 -4.41220799269249e-02
528 4.89577376332420e-01 0.00000000000000e+00 -4.40580200353537e-02
529 4.90711350162431e-01 0.00000000000000e+00 -4.39948762702154e-02
530 4.91824954672444e-01 0.00000000000000e+00 -4.39326399753623e-02
531 4.92918556304789e-01 0.00000000000000e+00 -4.38713023976322e-02
532 4.93992514891987e-01 0.00000000000000e+00 -4.38108546964387e-02
533 4.95047183776508e-01 0.00000000000000e+00 -4.37512879529582e-02
534 4.96082909928339e-01 0.00000000000000e+00 -4.36925931789280e-02
535 4.97098972040333e-01 0.00000000000000e+00 -4.36348218086066e-02
536 5.39027979246467e-03 1.00000000000000e-03 -5.28854895584276e-02
537 1.53547338916042e-02 1.00000000000000e-03 -5.30885019816645e-02
538 2.50411162479537e-02 1.00000000000000e-03 -5.32659611984302e-02
539 3.45524930166967e-02 1.00000000000000e-03 -5.34216525147004e-02
540 4.38920075906149e-02 1.00000000000000e-03 -5.35570959971056e-02
541 5.30627517613719e-02 1.00000000000000e-03 -5.36736970281807e-02
542 6.20677658063824e-02 1.00000000000000e-03 -5.37727561714656e-02
543 7.09100387001096e-02 1.00000000000000e-03 -5.38554780859190e-02
544 7.95925084284408e-02 1.00000000000000e-03 -5.39229795928786e-02
545 8.81180623882309e-02 1.00000000000000e-03 -5.39762969858635e-02
546 9.64895378569625e-02 1.00000000000000e-03 -5.40163926624742e-02
547 1.04709722519843e-01 1.00000000000000e-03 -5.40441611481990e-02
548 1.12781355043645e-01 1.00000000000000e-03 -5.40604345737711e-02
549 1.20707125688263e-01 1.00000000000000e-03 -5.40659876606704e-02
550 1.28489676948343e-01 1.00000000000000e-03 -5.40615422632509e-02
551 1.36131604218530e-01 1.00000000000000e-03 -5.40477715106390e-02
552 1.43635456476853e-01 1.00000000000000e-03 -5.40253035868758e-02
553 1.51003736981623e-01 1.00000000000000e-03 -5.39947251837066e-02
554 1.58238903977901e-01 1.00000000000000e-03 -5.39565846568069e-02
555 1.65343371410225e-01 1.00000000000000e-03 -5.39113949130667e-02
556 1.72319509638778e-01 1.00000000000000e-03 -5.38596360537598e-02
557 1.79169646156602e-01 1.00000000000000e-03 -5.38017577959196e-02
558 1.85896066305869e-01 1.00000000000000e-03 -5.37381816920480e-02
559 1.92501013991504e-01 1.00000000000000e-03 -5.36693031663042e-02
560 1.98986692390723e-01 1.00000000000000e-03 -5.35954933835798e-02
561 2.05355264657321e-01 1.00000000000000e-03 -5.35171009662773e-02
562 2.11608854619680e-01 1.00000000000000e-03 -5.34344535722219e-02
563 2.17749547471698e-01 1.00000000000000e-03 -5.33478593458600e-02
564 2.23779390455930e-01 1.00000000000000e-03 -5.32576082537842e-02
565 2.29700393538404e-01 1.00000000000000e-03 -5.31639733145828e-02
566 2.35514530074640e-01 1.00000000000000e-03 -5.30672117321156e-02
567 2.41223737466525e-01 1.00000000000000e-03 -5.29675659404786e-02
568 2.46829917809748e-01 1.00000000000000e-03 -5.28652645681701e-02
569 2.52334938531588e-01 1.00000000000000e-03 -5.27605233283115e-02
570 2.57740633018884e-01 1.00000000000000e-03 -5.26535458411436e-02
571 2.63048801236089e-01 1.00000000000000e-03 -5.25445243944835e-02
572 2.68261210333328e-01 1.00000000000000e-03 -5.24336406473132e-02
573 2.73379595244436e-01 1.00000000000000e-03 -5.23210662812276e-02
574 2.78405659274969e-01 1.00000000000000e-03 -5.22069636040407e-02
575 2.83341074680206e-01 1.00000000000000e-03 -5.20914861094937e-02
576 2.88187483233204e-01 1.00000000000000e-03 -5.19747789966481e-02
577 2.92946496782952e-01 1.00000000000000e-03 -5.18569796522459e-02
578 2.97619697802717e-01 1.00000000000000e-03 -5.17382180990432e-02
579 3.02208639928669e-01 1.00000000000000e-03 -5.16186174128454e-02
580 3.06714848488892e-01 1.00000000000000e-03 -5.14982941107654e-02
581 3.11139821022888e-01 1.00000000000000e-03 -5.13773585129861e-02
582 3.15485027791707e-01 1.00000000000000e-03 -5.12559150801339e-02
583 3.19751912278823e-01 1.00000000000000e-03 -5.11340627281796e-02
584 3.23941891681876e-01 1.00000000000000e-03 -5.10118951226267e-02
585 3.28056357395442e-01 1.00000000000000e-03 -5.08895009536000e-02
586 3.32096675484943e-01 1.00000000000000e-03 -5.07669641933061e-02
587 3.36064187151856e-01 1.00000000000000e-03 -5.06443643372210e-02
588 3.39960209190347e-01 1.00000000000000e-03 -5.05217766302418e-02
589 3.43786034435489e-01 1.00000000000000e-03 -5.03992722789410e-02
590 3.47542932203193e-01 1.00000000000000e-03 -5.02769186509659e-02
591 3.51232148722002e-01 1.00000000000000e-03 -5.01547794625313e-02
592 3.54854907556889e-01 1.00000000000000e-03 -5.00329149548971e-02
593 3.58412410025200e-01 1.00000000000000e-03 -4.99113820606200e-02
594 3.61905835604884e-01 1.00000000000000e-03 -4.97902345603295e-02
595 3.65336342335142e-01 1.00000000000000e-03 -4.96695232307025e-02
596 3.68705067209646e-01 1.00000000000000e-03 -4.95492959842596e-02
597 3.72013126562454e-01 1.00000000000000e-03 -4.94295980015593e-02
598 3.75261616446757e-01 1.00000000000000e-03 -4.93104718563148e-02
599 3.78451613006592e-01 1.00000000000000e-03 -4.91919576339153e-02
600 3.81584172841654e-01 1.00000000000000e-03 -4.90740930438058e-02
601 3.84660333365330e-01 1.00000000000000e-03 -4.89569135261263e-02
602 3.87681113156090e-01 1.00000000000000e-03 -4.88404523529937e-02
603 3.90647512302348e-01 1.00000000000000e-03 -4.87247407247748e-02
604 3.93560512740929e-01 1.00000000000000e-03 -4.86098078616683e-02
605 3.96421078589253e-01 1.00000000000000e-03 -4.84956810908934e-02
606 3.99230156471354e-01 1.00000000000000e-03 -4.83823859297576e-02
607 4.01988675837861e-01 1.00000000000000e-03 -4.82699461648585e-02
608 4.04697549280042e-01 1.00000000000000e-03 -4.81583839276447e-02
609 4.07357672838027e-01 1.00000000000000e-03 -4.80477197665624e-02
610 4.09969926303328e-01 1.00000000000000e-03 -4.79379727159752e-02
611 4.12535173515757e-01 1.00000000000000e-03 -4.78291603620501e-02
612 4.15054262654838e-01 1.00000000000000e-03 -4.77212989057762e-02
613 4.17528026525842e-01 1.00000000000000e-03 -4.76144032232744e-02
614 4.19957282840525e-01 1.00000000000000e-03 -4.75084869235469e-02
615 4.22342834492671e-01 1.00000000000000e-03 -4.74035624038008e-02
616 4.24685469828557e-01 1.00000000000000e-03 -4.72996409024738e-02
617 4.26985962912408e-01 1.00000000000000e-03 -4.71967325500780e-02
618 4.29245073786959e-01 1.00000000000000e-03 -4.70948464179770e-02
619 4.31463548729207e-01 1.00000000000000e-03 -4.69939905651880e-02
620 4.33642120501441e-01 1.00000000000000e-03 -4.68941720833188e-02
621 4.35781508597646e-01 1.00000000000000e-03 -4.67953971397131e-02
622 4.37882419485363e-01 1.00000000000000e-03 -4.66976710189013e-02
623 4.39945546843092e-01 1.00000000000000e-03 -4.66009981624265e-02
624 4.41971571793324e-01 1.00000000000000e-03 -4.65053822071207e-02
625 4.43961163131277e-01 1.00000000000000e-03 -4.64108260219016e-02
626 4.45914977549425e-01 1.00000000000000e-03 -4.63173317431517e-02
627 4.47833659857897e-01 1.00000000000000e-03 -4.62249008087433e-02
628 4.49717843200818e-01 1.00000000000000e-03 -4.61335339907638e-02
629 4.51568149268673e-01 1.00000000000000e-03 -4.60432314269969e-02
630 4.53385188506766e-01 1.00000000000000e-03 -4.59539926512087e-02
631 4.55169560319852e-01 1.00000000000000e-03 -4.58658166222882e-02
632 4.56921853273007e-01 1.00000000000000e-03 -4.57787017522889e-02
633 4.58642645288808e-01 1.00000000000000e-03 -4.56926459334085e-02
634 4.60332503840893e-01 1.00000000000000e-03 -4.56076465639567e-02
635 4.61991986143972e-01 1.00000000000000e-03 -4.55237005733406e-02
636 4.63621639340350e-01 1.00000000000000e-03 -4.54408044461105e-02
637 4.65222000683019e-01 1.00000000000000e-03 -4.53589542450999e-02
638 4.66793597715414e-01 1.00000000000000e-03 -4.52781456336910e-02
639 4.68336948447847e-01 1.00000000000000e-03 -4.51983738972391e-02
640 4.69852561530728e-01 1.00000000000000e-03 -4.51196339636872e-02
641 4.71340936424604e-01 1.00000000000000e-03 -4.50419204233979e-02
642 4.72802563567076e-01 1.00000000000000e-03 -4.49652275482309e-02
643 4.74237924536678e-01 1.00000000000000e-03 -4.48895493098938e-02
644 4.75647492213732e-01 1.00000000000000e-03 -4.48148793975903e-02
645 4.77031730938276e-01 1.00000000000000e-03 -4.47412112349908e-02
646 4.78391096665096e-01 1.00000000000000e-03 -4.46685379965496e-02
647 4.79726037115917e-01 1.00000000000000e-03 -4.45968526231900e-02
648 4.81036991928818e-01 1.00000000000000e-03 -4.45261478373774e-02
649 4.82324392804907e-01 1.00000000000000e-03 -4.44564161576087e-02
650 4.83588663652319e-01 1.00000000000000e-03 -4.43876499123267e-02
651 4.84830220727582e-01 1.00000000000000e-03 -4.43198412532889e-02
652 4.86049472774394e-01 1.00000000000000e-03 -4.42529821684036e-02
653 4.87246821159867e-01 1.00000000000000e-03 -4.41870644940540e-02
654 4.88422660008287e-01 1.00000000000000e-03 -4.41220799269249e-02
655 4.89577376332420e-01 1.00000000000000e-03 -4.40580200353537e-02
656 4.90711350162431e-01 1.00000000000000e-03 -4.39948762702154e-02
657 4.91824954672444e-01 1.00000000000000e-03 -4.39326399753623e-02
658 4.92918556304789e-01 1.00000000000000e-03 -4.38713023976322e-02
659 4.93992514891987e-01 1.00000000000000e-03 -4.38108546964387e-02
660 4.95047183776508e-01 1.00000000000000e-03 -4.37512879529582e-02
661 4.96082909928339e-01 1.00000000000000e-03 -4.36925931789280e-02
662 4.97098972040333e-01 1.00000000000000e-03 -4.36348218086066e-02
663 -4.98155330230238e-01 0.00000000000000e+00 4.25797421719849e-02
664 -4.98146470728732e-01 0.00000000000000e+00 4.15632662851424e-02
665 -4.98069476200745e-01 0.00000000000000e+00 4.05308791881707e-02
666 -4.97923464206489e-01 0.00000000000000e+00 3.94874157056575e-02
667 -4.97707812684485e-01 0.00000000000000e+00 3.84369943620617e-02
668 -4.97421898613660e-01 0.00000000000000e+00 3.73837505094627e-02
669 -4.97066363891203e-01 0.00000000000000e+00 3.63314490706452e-02
670 -4.96643086087763e-01 0.00000000000000e+00 3.52832215183105e-02
671 -4.96154245623110e-01 0.00000000000000e+00 3.42417002145787e-02
672 -4.95602410614647e-01 0.00000000000000e+00 3.32089198412313e-02
673 -4.94990290387916e-01 0.00000000000000e+00 3.21863799483458e-02
674 -4.94320609792461e-01 0.00000000000000e+00 3.11751013831836e-02
675 -4.93596003444823e-01 0.00000000000000e+00 3.01757028018107e-02
676 -4.92818948054121e-01 0.00000000000000e+00 2.91884770117902e-02
677 -4.91991721825743e-01 0.00000000000000e+00 2.82134618980605e-02
678 -4.91116384678748e-01 0.00000000000000e+00 2.72505028415432e-02
679 -4.90194773985001e-01 0.00000000000000e+00 2.62993043163087e-02
680 -4.89228509703624e-01 0.00000000000000e+00 2.53594718765388e-02
681 -4.88219005595744e-01 0.00000000000000e+00 2.44305451980592e-02
682 -4.87167483717927e-01 0.00000000000000e+00 2.35120235220396e-02
683 -4.86074990226979e-01 0.00000000000000e+00 2.26033849564148e-02
684 -4.84942411462286e-01 0.00000000000000e+00 2.17041006733395e-02
685 -4.83770489438834e-01 0.00000000000000e+00 2.08136452324859e-02
686 -4.82559836127888e-01 0.00000000000000e+00 1.99315041405131e-02
687 -4.81310946842030e-01 0.00000000000000e+00 1.90571787245270e-02
688 -4.80024212033053e-01 0.00000000000000e+00 1.81901896811899e-02
689 -4.78699928040476e-01 0.00000000000000e+00 1.73300790707106e-02
690 -4.77338306537654e-01 0.00000000000000e+00 1.64764114906549e-02
691 -4.75939482889377e-01 0.00000000000000e+00 1.56287745612297e-02
692 -4.74503523521060e-01 0.00000000000000e+00 1.47867789016736e-02
693 -4.73030432388557e-01 0.00000000000000e+00 1.39500577688975e-02
694 -4.71520156649330e-01 0.00000000000000e+00 1.31182664698582e-02
695 -4.69972591631152e-01 0.00000000000000e+00 1.22910816250882e-02
696 -4.68387585185634e-01 0.00000000000000e+00 1.14682003389253e-02
697 -4.66764941503779e-01 0.00000000000000e+00 1.06493393171772e-02
698 -4.65104424454555e-01 0.00000000000000e+00 9.83423397999507e-03
699 -4.63405760503048e-01 0.00000000000000e+00 9.02263758517234e-03
700 -4.61668641285471e-01 0.00000000000000e+00 8.21432034684776e-03
701 -4.59892725843523e-01 0.00000000000000e+00 7.40906862514343e-03
702 -4.58077642601421e-01 0.00000000000000e+00 6.60668412324292e-03
703 -4.56222991088803e-01 0.00000000000000e+00 5.80698314253701e-03
704 -4.54328343452133e-01 0.00000000000000e+00 5.00979588365400e-03
705 -4.52393245780871e-01 0.00000000000000e+00 4.21496578808055e-03
706 -4.50417219267163e-01 0.00000000000000e+00 3.42234892671412e-03
707 -4.48399761219908e-01 0.00000000000000e+00 2.63181343302165e-03
708 -4.46340345950376e-01 0.00000000000000e+00 1.84323897848264e-03
709 -4.44238425543291e-01 0.00000000000000e+00 1.05651628918167e-03
710 -4.42093430527725e-01 0.00000000000000e+00 2.71546698620571e-04
711 -4.39904770458614e-01 0.00000000000000e+00 -5.11758263018201e-04
712 -4.37671834415252e-01 0.00000000000000e+00 -1.29347724119340e-03
713 -4.35393991432619e-01 0.00000000000000e+00 -2.07367940593247e-03
714 -4.33070590864334e-01 0.00000000000000e+00 -2.85242476287400e-03
715 -4.30700962691288e-01 0.00000000000000e+00 -3.62976444208377e-03
716 -4.28284417777036e-01 0.00000000000000e+00 -4.40574095967953e-03
717 -4.25820248076751e-01 0.00000000000000e+00 -5.18038845530690e-03
718 -4.23307726804138e-01 0.00000000000000e+00 -5.95373290808109e-03
719 -4.20746108560039e-01 0.00000000000000e+00 -6.72579233217440e-03
720 -4.18134629426289e-01 0.00000000000000e+00 -7.49657695378562e-03
721 -4.15472507028021e-01 0.00000000000000e+00 -8.26608937056782e-03
722 -4.12758940566236e-01 0.00000000000000e+00 -9.03432469440510e-03
723 -4.09993110825116e-01 0.00000000000000e+00 -9.80127068150738e-03
724 -4.07174180153366e-01 0.00000000000000e+00 -1.05669078463029e-02
725 -4.04301292424291e-01 0.00000000000000e+00 -1.13312095651786e-02
726 -4.01373572974204e-01 0.00000000000000e+00 -1.20941421677896e-02
727 -3.98390128521695e-01 0.00000000000000e+00 -1.28556650181633e-02
728 -3.95350047068852e-01 0.00000000000000e+00 -1.36157305865056e-02
729 -3.92252397785550e-01 0.00000000000000e+00 -1.43742845124263e-02
730 -3.89096230877980e-01 0.00000000000000e+00 -1.51312656605983e-02
731 -3.85880577442220e-01 0.00000000000000e+00 -1.58866061691834e-02
732 -3.82604449303593e-01 0.00000000000000e+00 -1.66402314923090e-02
733 -3.79266838842967e-01 0.00000000000000e+00 -1.73920604370403e-02
734 -3.75866718810138e-01 0.00000000000000e+00 -1.81420051956258e-02
735 -3.72403042125103e-01 0.00000000000000e+00 -1.88899713734061e-02
736 -3.68874741667793e-01 0.00000000000000e+00 -1.96358580133902e-02
737 -3.65280730056575e-01 0.00000000000000e+00 -2.03795576178292e-02
738 -3.61619899415942e-01 0.00000000000000e+00 -2.11209561674449e-02
739 -3.57891121133896e-01 0.00000000000000e+00 -2.18599331390067e-02
740 -3.54093245608887e-01 0.00000000000000e+00 -2.25963615212894e-02
741 -3.50225101987183e-01 0.00000000000000e+00 -2.33301078307699e-02
742 -3.46285497890264e-01 0.00000000000000e+00 -2.40610321266894e-02
743 -3.42273219132845e-01 0.00000000000000e+00 -2.47889880265604e-02
744 -3.38187029431481e-01 0.00000000000000e+00 -2.55138227223619e-02
745 -3.34025670103886e-01 0.00000000000000e+00 -2.62353769978505e-02
746 -3.29787859759140e-01 0.00000000000000e+00 -2.69534852475883e-02
747 -3.25472293978696e-01 0.00000000000000e+00 -2.76679754979025e-02
748 -3.21077644988391e-01 0.00000000000000e+00 -2.83786694303892e-02
749 -3.16602561321322e-01 0.00000000000000e+00 -2.90853824081701e-02
750 -3.12045667471710e-01 0.00000000000000e+00 -2.97879235054632e-02
751 -3.07405563539647e-01 0.00000000000000e+00 -3.04860955406789e-02
752 -3.02680824866697e-01 0.00000000000000e+00 -3.11796951134152e-02
753 -2.97870001662354e-01 0.00000000000000e+00 -3.18685126457830e-02
754 -2.92971618621151e-01 0.00000000000000e+00 -3.25523324280915e-02
755 -2.87984174530486e-01 0.00000000000000e+00 -3.32309326694579e-02
756 -2.82906141868942e-01 0.00000000000000e+00 -3.39040855533412e-02
757 -2.77735966395051e-01 0.00000000000000e+00 -3.45715572983081e-02
758 -2.72472066726338e-01 0.00000000000000e+00 -3.52331082241232e-02
759 -2.67112833908542e-01 0.00000000000000e+00 -3.58884928233337e-02
760 -2.61656630974823e-01 0.00000000000000e+00 -3.65374598383424e-02
761 -2.56101792494849e-01 0.00000000000000e+00 -3.71797523440318e-02
762 -2.50446624113551e-01 0.00000000000000e+00 -3.78151078358324e-02
763 -2.44689402079412e-01 0.00000000000000e+00 -3.84432583231342e-02
764 -2.38828372762086e-01 0.00000000000000e+00 -3.90639304278097e-02
765 -2.32861752159192e-01 0.00000000000000e+00 -3.96768454876019e-02
766 -2.26787725392076e-01 0.00000000000000e+00 -4.02817196639315e-02
767 -2.20604446190370e-01 0.00000000000000e+00 -4.08782640536581e-02
768 -2.14310036365167e-01 0.00000000000000e+00 -4.14661848041833e-02
769 -2.07902585270588e-01 0.00000000000000e+00 -4.20451832311086e-02
770 -2.01380149253629e-01 0.00000000000000e+00 -4.26149559376161e-02
771 -1.94740751092027e-01 0.00000000000000e+00 -4.31751949344548e-02
772 -1.87982379420051e-01 0.00000000000000e+00 -4.37255877593372e-02
773 -1.81102988141975e-01 0.00000000000000e+00 -4.42658175942740e-02
774 -1.74100495833157e-01 0.00000000000000e+00 -4.47955633792520e-02
775 -1.66972785128514e-01 0.00000000000000e+00 -4.53144999202972e-02
776 -1.59717702098311e-01 0.00000000000000e+00 -4.58222979898130e-02
777 -1.52333055611119e-01 0.00000000000000e+00 -4.63186244167332e-02
778 -1.44816616683877e-01 0.00000000000000e+00 -4.68031421637002e-02
779 -1.37166117818975e-01 0.00000000000000e+00 -4.72755103881838e-02
780 -1.29379252328308e-01 0.00000000000000e+00 -4.77353844840023e-02
781 -1.21453673644305e-01 0.00000000000000e+00 -4.81824160993370e-02
782 -1.13386994617938e-01 0.00000000000000e+00 -4.86162531268306e-02
783 -1.05176786803762e-01 0.00000000000000e+00 -4.90365396608807e-02
784 -9.68205797320984e-02 0.00000000000000e+00 -4.94429159166555e-02
785 -8.83158601684869e-02 0.00000000000000e+00 -4.98350181047750e-02
786 -7.96600713606045e-02 0.00000000000000e+00 -5.02124782549156e-02
787 -7.08506122729013e-02 0.00000000000000e+00 -5.05749239808827e-02
788 -6.18848368092622e-02 0.00000000000000e+00 -5.09219781788929e-02
789 -5.27600530240723e-02 0.00000000000000e+00 -5.12532586499438e-02
790 -4.34735223221469e-02 0.00000000000000e+00 -5.15683776362090e-02
791 -3.40224586480662e-02 0.00000000000000e+00 -5.18669412603489e-02
792 -2.44040276655508e-02 0.00000000000000e+00 -5.21485488555368e-02
793 -1.46041238854614e-02 0.00000000000000e+00 -5.24130824299115e-02
794 -4.98155330230238e-01 1.00000000000000e-03 4.25797421719849e-02
795 -4.98146470728732e-01 1.00000000000000e-03 4.15632662851424e-02
796 -4.98069476200745e-01 1.00000000000000e-03 4.05308791881707e-02
797 -4.97923464206489e-01 1.00000000000000e-03 3.94874157056575e-02
798 -4.97707812684485e-01 1.00000000000000e-03 3.84369943620617e-02
799 -4.97421898613660e-01 1.00000000000000e-03 3.73837505094627e-02
800 -4.97066363891203e-01 1.00000000000000e-03 3.63314490706452e-02
801 -4.96643086087763e-01 1.00000000000000e-03 3.52832215183105e-02
802 -4.96154245623110e-01 1.00000000000000e-03 3.42417002145787e-02
803 -4.95602410614647e-01 1.00000000000000e-03 3.32089198412313e-02
804 -4.94990290387916e-01 1.00000000000000e-03 3.21863799483458e-02
805 -4.94320609792461e-01 1.00000000000000e-03 3.11751013831836e-02
806 -4.93596003444823e-01 1.00000000000000e-03 3.01757028018107e-02
807 -4.92818948054121e-01 1.00000000000000e-03 2.91884770117902e-02
808 -4.91991721825743e-01 1.00000000000000e-03 2.82134618980605e-02
809 -4.91116384678748e-01 1.00000000000000e-03 2.72505028415432e-02
810 -4.90194773985001e-01 1.00000000000000e-03 2.62993043163087e-02
811 -4.89228509703624e-01 1.00000000000000e-03 2.53594718765388e-02
812 -4.88219005595744e-01 1.00000000000000e-03 2.44305451980592e-02
813 -4.87167483717927e-01 1.00000000000000e-03 2.35120235220396e-02
814 -4.86074990226979e-01 1.00000000000000e-03 2.26033849564148e-02
815 -4.84942411462286e-01 1.00000000000000e-03 2.17041006733395e-02
816 -4.83770489438834e-01 1.00000000000000e-03 2.08136452324859e-02
817 -4.82559836127888e-01 1.00000000000000e-03 1.99315041405131e-02
818 -4.81310946842030e-01 1.00000000000000e-03 1.90571787245270e-02
819 -4.80024212033053e-01 1.00000000000000e-03 1.81901896811899e-02
820 -4.78699928040476e-01 1.00000000000000e-03 1.73300790707106e-02
821 -4.77338306537654e-01 1.00000000000000e-03 1.64764114906549e-02
822 -4.75939482889377e-01 1.00000000000000e-03 1.56287745612297e-02
823 -4.74503523521060e-01 1.00000000000000e-03 1.47867789016736e-02
824 -4.73030432388557e-01 1.00000000000000e-03 1.39500577688975e-02
825 -4.71520156649330e-01 1.00000000000000e-03 1.31182664698582e-02
826 -4.69972591631152e-01 1.00000000000000e-03 1.22910816250882e-02
827 -4.68387585185634e-01 1.00000000000000e-03 1.14682003389253e-02
828 -4.66764941503779e-01 1.00000000000000e-03 1.06493393171772e-02
829 -4.65104424454555e-01 1.00000000000000e-03 9.83423397999507e-03
830 -4.63405760503048e-01 1.00000000000000e-03 9.02263758517234e-03
831 -4.61668641285471e-01 1.00000000000000e-03 8.21432034684776e-03
832 -4.59892725843523e-01 1.00000000000000e-03 7.40906862514343e-03
833 -4.58077642601421e-01 1.00000000000000e-03 6.60668412324292e-03
834 -4.56222991088803e-01 1.00000000000000e-03 5.80698314253701e-03
835 -4.54328343452133e-01 1.00000000000000e-03 5.00979588365400e-03
836 -4.52393245780871e-01 1.00000000000000e-03 4.21496578808055e-03
837 -4.50417219267163e-01 1.00000000000000e-03 3.42234892671412e-03
838 -4.48399761219908e-01 1.00000000000000e-03 2.63181343302165e-03
839 -4.46340345950376e-01 1.00000000000000e-03 1.84323897848264e-03
840 -4.44238425543291e-01 1.00000000000000e-03 1.05651628918167e-03
841 -4.42093430527725e-01 1.00000000000000e-03 2.71546698620571e-04
842 -4.39904770458614e-01 1.00000000000000e-03 -5.11758263018201e-04
843 -4.37671834415252e-01 1.00000000000000e-03 -1.29347724119340e-03
844 -4.35393991432619e-01 1.00000000000000e-03 -2.07367940593247e-03
845 -4.33070590864334e-01 1.00000000000000e-03 -2.85242476287400e-03
846 -4.30700962691288e-01 1.00000000000000e-03 -3.62976444208377e-03
847 -4.28284417777036e-01 1.00000000000000e-03 -4.40574095967953e-03
848 -4.25820248076751e-01 1.00000000000000e-03 -5.18038845530690e-03
849 -4.23307726804138e-01 1.00000000000000e-03 -5.95373290808109e-03
850 -4.20746108560039e-01 1.00000000000000e-03 -6.72579233217440e-03
851 -4.18134629426289e-01 1.00000000000000e-03 -7.49657695378562e-03
852 -4.15472507028021e-01 1.00000000000000e-03 -8.26608937056782e-03
853 -4.12758940566236e-01 1.00000000000000e-03 -9.03432469440510e-03
854 -4.09993110825116e-01 1.00000000000000e-03 -9.80127068150738e-03
855 -4.07174180153366e-01 1.00000000000000e-03 -1.05669078463029e-02
856 -4.04301292424291e-01 1.00000000000000e-03 -1.13312095651786e-02
857 -4.01373572974204e-01 1.00000000000000e-03 -1.20941421677896e-02
858 -3.98390128521695e-01 1.00000000000000e-03 -1.28556650181633e-02
859 -3.95350047068852e-01 1.00000000000000e-03 -1.36157305865056e-02
860 -3.92252397785550e-01 1.00000000000000e-03 -1.43742845124263e-02
861 -3.89096230877980e-01 1.00000000000000e-03 -1.51312656605983e-02
862 -3.85880577442220e-01 1.00000000000000e-03 -1.58866061691834e-02
863 -3.82604449303593e-01 1.00000000000000e-03 -1.66402314923090e-02
864 -3.79266838842967e-01 1.00000000000000e-03 -1.73920604370403e-02
865 -3.75866718810138e-01 1.00000000000000e-03 -1.81420051956258e-02
866 -3.72403042125103e-01 1.00000000000000e-03 -1.88899713734061e-02
867 -3.68874741667793e-01 1.00000000000000e-03 -1.96358580133902e-02
868 -3.65280730056575e-01 1.00000000000000e-03 -2.03795576178292e-02
869 -3.61619899415942e-01 1.00000000000000e-03 -2.11209561674449e-02
870 -3.57891121133896e-01 1.00000000000000e-03 -2.18599331390067e-02
871 -3.54093245608887e-01 1.00000000000000e-03 -2.25963615212894e-02
872 -3.50225101987183e-01 1.00000000000000e-03 -2.33301078307699e-02
873 -3.46285497890264e-01 1.00000000000000e-03 -2.40610321266894e-02
874 -3.42273219132845e-01 1.00000000000000e-03 -2.47889880265604e-02
875 -3.38187029431481e-01 1.00000000000000e-03 -2.55138227223619e-02
876 -3.34025670103886e-01 1.00000000000000e-03 -2.62353769978505e-02
877 -3.29787859759140e-01 1.00000000000000e-03 -2.69534852475883e-02
878 -3.25472293978696e-01 1.00000000000000e-03 -2.76679754979025e-02
879 -3.21077644988391e-01 1.00000000000000e-03 -2.83786694303892e-02
880 -3.16602561321322e-01 1.00000000000000e-03 -2.90853824081701e-02
881 -3.12045667471710e-01 1.00000000000000e-03 -2.97879235054632e-02
882 -3.07405563539647e-01 1.00000000000000e-03 -3.04860955406789e-02
883 -3.02680824866697e-01 1.00000000000000e-03 -3.11796951134152e-02
884 -2.97870001662354e-01 1.00000000000000e-03 -3.18685126457830e-02
885 -2.92971618621151e-01 1.00000000000000e-03 -3.25523324280915e-02
886 -2.87984174530486e-01 1.00000000000000e-03 -3.32309326694579e-02
887 -2.82906141868942e-01 1.00000000000000e-03 -3.39040855533412e-02
888 -2.77735966395051e-01 1.00000000000000e-03 -3.45715572983081e-02
889 -2.72472066726338e-01 1.00000000000000e-03 -3.52331082241232e-02
890 -2.67112833908542e-01 1.00000000000000e-03 -3.58884928233337e-02
891 -2.61656630974823e-01 1.00000000000000e-03 -3.65374598383424e-02
892 -2.56101792494849e-01 1.00000000000000e-03 -3.71797523440318e-02
893 -2.50446624113551e-01 1.00000000000000e-03 -3.78151078358324e-02
894 -2.44689402079412e-01 1.00000000000000e-03 -3.84432583231342e-02
895 -2.38828372762086e-01 1.00000000000000e-03 -3.90639304278097e-02
896 -2.32861752159192e-01 1.00000000000000e-03 -3.96768454876019e-02
897 -2.26787725392076e-01 1.00000000000000e-03 -4.02817196639315e-02
898 -2.20604446190370e-01 1.00000000000000e-03 -4.08782640536581e-02
899 -2.14310036365167e-01 1.00000000000000e-03 -4.14661848041833e-02
900 -2.07902585270588e-01 1.00000000000000e-03 -4.20451832311086e-02
901 -2.01380149253629e-01 1.00000000000000e-03 -4.26149559376161e-02
902 -1.94740751092027e-01 1.00000000000000e-03 -4.31751949344548e-02
903 -1.87982379420051e-01 1.00000000000000e-03 -4.37255877593372e-02
904 -1.81102988141975e-01 1.00000000000000e-03 -4.42658175942740e-02
905 -1.74100495833157e-01 1.00000000000000e-03 -4.47955633792520e-02
906 -1.66972785128514e-01 1.00000000000000e-03 -4.53144999202972e-02
907 -1.59717702098311e-01 1.00000000000000e-03 -4.58222979898130e-02
908 -1.52333055611119e-01 1.00000000000000e-03 -4.63186244167332e-02
909 -1.44816616683877e-01 1.00000000000000e-03 -4.68031421637002e-02
910 -1.37166117818975e-01 1.00000000000000e-03 -4.72755103881838e-02
911 -1.29379252328308e-01 1.00000000000000e-03 -4.77353844840023e-02
912 -1.21453673644305e-01 1.00000000000000e-03 -4.81824160993370e-02
913 -1.13386994617938e-01 1.00000000000000e-03 -4.86162531268306e-02
914 -1.05176786803762e-01 1.00000000000000e-03 -4.90365396608807e-02
915 -9.68205797320984e-02 1.00000000000000e-03 -4.94429159166555e-02
916 -8.83158601684869e-02 1.00000000000000e-03 -4.98350181047750e-02
917 -7.96600713606045e-02 1.00000000000000e-03 -5.02124782549156e-02
918 -7.08506122729013e-02 1.00000000000000e-03 -5.05749239808827e-02
919 -6.18848368092622e-02 1.00000000000000e-03 -5.09219781788929e-02
920 -5.27600530240723e-02 1.00000000000000e-03 -5.12532586499438e-02
921 -4.34735223221469e-02 1.00000000000000e-03 -5.15683776362090e-02
922 -3.40224586480662e-02 1.00000000000000e-03 -5.18669412603489e-02
923 -2.44040276655508e-02 1.00000000000000e-03 -5.21485488555368e-02
924 -1.46041238854614e-02 1.00000000000000e-03 -5.24130824299115e-02
925 -4.97981126048788e-01 0.00000000000000e+00 4.45709050773171e-02
926 -4.97795891957624e-01 0.00000000000000e+00 4.55703999751380e-02
927 -4.97540795011488e-01 0.00000000000000e+00 4.65737328328703e-02
928 -4.97215805735311e-01 0.00000000000000e+00 4.75759890437143e-02
929 -4.96821026692395e-01 0.00000000000000e+00 4.85730046330099e-02
930 -4.96356562423109e-01 0.00000000000000e+00 4.95605988874938e-02
931 -4.95823698844761e-01 0.00000000000000e+00 5.05351755462952e-02
932 -4.95224828778012e-01 0.00000000000000e+00 5.14939767475411e-02
933 -4.94562556622041e-01 0.00000000000000e+00 5.24347887465266e-02
934 -4.93839764797561e-01 0.00000000000000e+00 5.33560537217656e-02
935 -4.93059381863510e-01 0.00000000000000e+00 5.42567653741586e-02
936 -4.92224268541110e-01 0.00000000000000e+00 5.51363915305659e-02
937 -4.91337126849655e-01 0.00000000000000e+00 5.59947804300579e-02
938 -4.90400446716989e-01 0.00000000000000e+00 5.68320737895021e-02
939 -4.89416478316091e-01 0.00000000000000e+00 5.76486299057311e-02
940 -4.88387223421899e-01 0.00000000000000e+00 5.84449587500028e-02
941 -4.87314440174931e-01 0.00000000000000e+00 5.92216704148199e-02
942 -4.86199655428694e-01 0.00000000000000e+00 5.99794346564320e-02
943 -4.85044181531652e-01 0.00000000000000e+00 6.07189503026980e-02
944 -4.83849135018727e-01 0.00000000000000e+00 6.14409227126919e-02
945 -4.82615455527647e-01 0.00000000000000e+00 6.21460475129890e-02
946 -4.81343924102320e-01 0.00000000000000e+00 6.28349994085704e-02
947 -4.80035180243101e-01 0.00000000000000e+00 6.35084247066948e-02
948 -4.78689737283206e-01 0.00000000000000e+00 6.41669363520881e-02
949 -4.77307996416665e-01 0.00000000000000e+00 6.48111114518097e-02
950 -4.75890258933282e-01 0.00000000000000e+00 6.54414898287454e-02
951 -4.74436737150099e-01 0.00000000000000e+00 6.60585739243690e-02
952 -4.72947563917842e-01 0.00000000000000e+00 6.66628292830657e-02
953 -4.71422800935804e-01 0.00000000000000e+00 6.72546855255025e-02
954 -4.69862446004990e-01 0.00000000000000e+00 6.78345376515239e-02
955 -4.68266439336885e-01 0.00000000000000e+00 6.84027475194946e-02
956 -4.66634669036431e-01 0.00000000000000e+00 6.89596454097852e-02
957 -4.64966975867351e-01 0.00000000000000e+00 6.95055316128612e-02
958 -4.63263157395452e-01 0.00000000000000e+00 7.00406780024285e-02
959 -4.61522971592996e-01 0.00000000000000e+00 7.05653295669287e-02
960 -4.59746139972503e-01 0.00000000000000e+00 7.10797058629248e-02
961 -4.57932350308334e-01 0.00000000000000e+00 7.15840023852151e-02
962 -4.56081259019547e-01 0.00000000000000e+00 7.20783918818882e-02
963 -4.54192493229584e-01 0.00000000000000e+00 7.25630255403641e-02
964 -4.52265652573857e-01 0.00000000000000e+00 7.30380341214279e-02
965 -4.50300310767117e-01 0.00000000000000e+00 7.35035289919452e-02
966 -4.48296016970534e-01 0.00000000000000e+00 7.39596030756671e-02
967 -4.46252296983388e-01 0.00000000000000e+00 7.44063317318930e-02
968 -4.44168654278966e-01 0.00000000000000e+00 7.48437735590080e-02
969 -4.42044570904791e-01 0.00000000000000e+00 7.52719711288023e-02
970 -4.39879508263700e-01 0.00000000000000e+00 7.56909516568461e-02
971 -4.37672907789261e-01 0.00000000000000e+00 7.61007276124490e-02
972 -4.35424191528835e-01 0.00000000000000e+00 7.65012972755548e-02
973 -4.33132762644920e-01 0.00000000000000e+00 7.68926452422160e-02
974 -4.30798005841428e-01 0.00000000000000e+00 7.72747428778231e-02
975 -4.28419287727869e-01 0.00000000000000e+00 7.76475487356294e-02
976 -4.25995957122769e-01 0.00000000000000e+00 7.80110089260946e-02
977 -4.23527345307475e-01 0.00000000000000e+00 7.83650574549069e-02
978 -4.21012766232223e-01 0.00000000000000e+00 7.87096165249804e-02
979 -4.18451516680695e-01 0.00000000000000e+00 7.90445968066091e-02
980 -4.15842876396885e-01 0.00000000000000e+00 7.93698976791116e-02
981 -4.13186108177794e-01 0.00000000000000e+00 7.96854074457785e-02
982 -4.10480457935132e-01 0.00000000000000e+00 7.99910035244531e-02
983 -4.07725154728983e-01 0.00000000000000e+00 8.02865526153537e-02
984 -4.04919410775099e-01 0.00000000000000e+00 8.05719108473394e-02
985 -4.02062421429503e-01 0.00000000000000e+00 8.08469239072969e-02
986 -3.99153365150340e-01 0.00000000000000e+00 8.11114271490631e-02
987 -3.96191403440543e-01 0.00000000000000e+00 8.13652456886569e-02
988 -3.93175680771326e-01 0.00000000000000e+00 8.16081944835063e-02
989 -3.90105324488595e-01 0.00000000000000e+00 8.18400783983016e-02
990 -3.86979444703197e-01 0.00000000000000e+00 8.20606922585575e-02
991 -3.83797134165990e-01 0.00000000000000e+00 8.22698208927853e-02
992 -3.80557468128705e-01 0.00000000000000e+00 8.24672391644769e-02
993 -3.77259504191335e-01 0.00000000000000e+00 8.26527119943677e-02
994 -3.73902282136549e-01 0.00000000000000e+00 8.28259943743721e-02
995 -3.70484823752221e-01 0.00000000000000e+00 8.29868313738329e-02
996 -3.67006132642039e-01 0.00000000000000e+00 8.31349581388691e-02
997 -3.63465194024961e-01 0.00000000000000e+00 8.32700998853542e-02
998 -3.59860974523866e-01 0.00000000000000e+00 8.33919718866055e-02
999 -3.56192421943680e-01 0.00000000000000e+00 8.35002794561673e-02
1000 -3.52458465039255e-01 0.00000000000000e+00 8.35947179264077e-02
1001 -3.48658013273382e-01 0.00000000000000e+00 8.36749726236979e-02
1002 -3.44789956564813e-01 0.00000000000000e+00 8.37407188401845e-02
1003 -3.40853165026883e-01 0.00000000000000e+00 8.37916218036421e-02
1004 -3.36846488696440e-01 0.00000000000000e+00 8.38273366449696e-02
1005 -3.32768757253452e-01 0.00000000000000e+00 8.38475083644959e-02
1006 -3.28618779731235e-01 0.00000000000000e+00 8.38517717973302e-02
1007 -3.24395344217324e-01 0.00000000000000e+00 8.38397515781964e-02
1008 -3.20097217545088e-01 0.00000000000000e+00 8.38110621063770e-02
1009 -3.15723144975945e-01 0.00000000000000e+00 8.37653075109622e-02
1010 -3.11271849872270e-01 0.00000000000000e+00 8.37020816170416e-02
1011 -3.06742033360836e-01 0.00000000000000e+00 8.36209679130209e-02
1012 -3.02132373986804e-01 0.00000000000000e+00 8.35215395196381e-02
1013 -2.97441527358112e-01 0.00000000000000e+00 8.34033591608669e-02
1014 -2.92668125780199e-01 0.00000000000000e+00 8.32659791370734e-02
1015 -2.87810777880950e-01 0.00000000000000e+00 8.31089413008480e-02
1016 -2.82868068225700e-01 0.00000000000000e+00 8.29317770355091e-02
1017 -2.77838556922219e-01 0.00000000000000e+00 8.27340072368429e-02
1018 -2.72720779215504e-01 0.00000000000000e+00 8.25151422980434e-02
1019 -2.67513245072225e-01 0.00000000000000e+00 8.22746820981440e-02
1020 -2.62214438754697e-01 0.00000000000000e+00 8.20121159940056e-02
1021 -2.56822818384210e-01 0.00000000000000e+00 8.17269228160097e-02
1022 -2.51336815493553e-01 0.00000000000000e+00 8.14185708674183e-02
1023 -2.45754834568602e-01 0.00000000000000e+00 8.10865179274412e-02
1024 -2.40075252578789e-01 0.00000000000000e+00 8.07302112578734e-02
1025 -2.34296418496336e-01 0.00000000000000e+00 8.03490876131744e-02
1026 -2.28416652804095e-01 0.00000000000000e+00 7.99425732537312e-02
1027 -2.22434246991885e-01 0.00000000000000e+00 7.95100839620298e-02
1028 -2.16347463041188e-01 0.00000000000000e+00 7.90510250612662e-02
1029 -2.10154532898136e-01 0.00000000000000e+00 7.85647914359029e-02
1030 -2.03853657934698e-01 0.00000000000000e+00 7.80507675535415e-02
1031 -1.97443008398003e-01 0.00000000000000e+00 7.75083274872959e-02
1032 -1.90920722847805e-01 0.00000000000000e+00 7.69368349378250e-02
1033 -1.84284907582067e-01 0.00000000000000e+00 7.63356432538844e-02
1034 -1.77533636050724e-01 0.00000000000000e+00 7.57040954501963e-02
1035 -1.70664948257712e-01 0.00000000000000e+00 7.50415242211549e-02
1036 -1.63676850151392e-01 0.00000000000000e+00 7.43472519487737e-02
1037 -1.56567313003555e-01 0.00000000000000e+00 7.36205907029182e-02
1038 -1.49334272777269e-01 0.00000000000000e+00 7.28608422317250e-02
1039 -1.41975629483865e-01 0.00000000000000e+00 7.20672979397653e-02
1040 -1.34489246529467e-01 0.00000000000000e+00 7.12392388511902e-02
1041 -1.26872950051530e-01 0.00000000000000e+00 7.03759355548051e-02
1042 -1.19124528245963e-01 0.00000000000000e+00 6.94766481275847e-02
1043 -1.11241730685487e-01 0.00000000000000e+00 6.85406260327750e-02
1044 -1.03222267630030e-01 0.00000000000000e+00 6.75671079882417e-02
1045 -9.50638093300526e-02 0.00000000000000e+00 6.65553218002624e-02
1046 -8.67639853238407e-02 0.00000000000000e+00 6.55044841573877e-02
1047 -7.83203837299753e-02 0.00000000000000e+00 6.44138003784313e-02
1048 -6.97305505363226e-02 0.00000000000000e+00 6.32824641079844e-02
1049 -6.09919888870913e-02 0.00000000000000e+00 6.21096569521519e-02
1050 -5.21021583696967e-02 0.00000000000000e+00 6.08945480464360e-02
1051 -4.30584743033870e-02 0.00000000000000e+00 5.96362935468454e-02
1052 -3.38583070318318e-02 0.00000000000000e+00 5.83340360344034e-02
1053 -2.44989812221356e-02 0.00000000000000e+00 5.69869038222056e-02
1054 -1.49777751730199e-02 0.00000000000000e+00 5.55940101531248e-02
1055 -5.28081817849240e-03 0.00000000000000e+00 5.41527894353773e-02
1056 -4.97981126048788e-01 1.00000000000000e-03 4.45709050773171e-02
1057 -4.97795891957624e-01 1.00000000000000e-03 4.55703999751380e-02
1058 -4.97540795011488e-01 1.00000000000000e-03 4.65737328328703e-02
1059 -4.97215805735311e-01 1.00000000000000e-03 4.75759890437143e-02
1060 -4.96821026692395e-01 1.00000000000000e-03 4.85730046330099e-02
1061 -4.96356562423109e-01 1.00000000000000e-03 4.95605988874938e-02
1062 -4.95823698844761e-01 1.00000000000000e-03 5.05351755462952e-02
1063 -4.95224828778012e-01 1.00000000000000e-03 5.14939767475411e-02
1064 -4.94562556622041e-01 1.00000000000000e-03 5.24347887465266e-02
1065 -4.93839764797561e-01 1.00000000000000e-03 5.33560537217656e-02
1066 -4.93059381863510e-01 1.00000000000000e-03 5.42567653741586e-02
1067 -4.92224268541110e-01 1.00000000000000e-03 5.51363915305659e-02
1068 -4.91337126849655e-01 1.00000000000000e-03 5.59947804300579e-02
1069 -4.90400446716989e-01 1.00000000000000e-03 5.68320737895021e-02
1070 -4.89416478316091e-01 1.00000000000000e-03 5.76486299057311e-02
1071 -4.88387223421899e-01 1.00000000000000e-03 5.84449587500028e-02
1072 -4.87314440174931e-01 1.00000000000000e-03 5.92216704148199e-02
1073 -4.86199655428694e-01 1.00000000000000e-03 5.99794346564320e-02
1074 -4.85044181531652e-01 1.00000000000000e-03 6.07189503026980e-02
1075 -4.83849135018727e-01 1.00000000000000e-03 6.14409227126919e-02
1076 -4.82615455527647e-01 1.00000000000000e-03 6.21460475129890e-02
1077 -4.81343924102320e-01 1.00000000000000e-03 6.28349994085704e-02
1078 -4.80035180243101e-01 1.00000000000000e-03 6.35084247066948e-02
1079 -4.78689737283206e-01 1.00000000000000e-03 6.41669363520881e-02
1080 -4.77307996416665e-01 1.00000000000000e-03 6.48111114518097e-02
1081 -4.75890258933282e-01 1.00000000000000e-03 6.54414898287454e-02
1082 -4.74436737150099e-01 1.00000000000000e-03 6.60585739243690e-02
1083 -4.72947563917842e-01 1.00000000000000e-03 6.66628292830657e-02
1084 -4.71422800935804e-01 1.00000000000000e-03 6.72546855255025e-02
1085 -4.69862446004990e-01 1.00000000000000e-03 6.78345376515239e-02
1086 -4.68266439336885e-01 1.00000000000000e-03 6.84027475194946e-02
1087 -4.66634669036431e-01 1.00000000000000e-03 6.89596454097852e-02
1088 -4.64966975867351e-01 1.00000000000000e-03 6.95055316128612e-02
1089 -4.63263157395452e-01 1.00000000000000e-03 7.00406780024285e-02
1090 -4.61522971592996e-01 1.00000000000000e-03 7.05653295669287e-02
1091 -4.59746139972503e-01 1.00000000000000e-03 7.10797058629248e-02
1092 -4.57932350308334e-01 1.00000000000000e-03 7.15840023852151e-02
1093 -4.56081259019547e-01 1.00000000000000e-03 7.20783918818882e-02
1094 -4.54192493229584e-01 1.00000000000000e-03 7.25630255403641e-02
1095 -4.52265652573857e-01 1.00000000000000e-03 7.30380341214279e-02
1096 -4.50300310767117e-01 1.00000000000000e-03 7.35035289919452e-02
1097 -4.48296016970534e-01 1.00000000000000e-03 7.39596030756671e-02
1098 -4.46252296983388e-01 1.00000000000000e-03 7.44063317318930e-02
1099 -4.44168654278966e-01 1.00000000000000e-03 7.48437735590080e-02
1100 -4.42044570904791e-01 1.00000000000000e-03 7.52719711288023e-02
1101 -4.39879508263700e-01 1.00000000000000e-03 7.56909516568461e-02
1102 -4.37672907789261e-01 1.00000000000000e-03 7.61007276124490e-02
1103 -4.35424191528835e-01 1.00000000000000e-03 7.65012972755548e-02
1104 -4.33132762644920e-01 1.00000000000000e-03 7.68926452422160e-02
1105 -4.30798005841428e-01 1.00000000000000e-03 7.72747428778231e-02
1106 -4.28419287727869e-01 1.00000000000000e-03 7.76475487356294e-02
1107 -4.25995957122769e-01 1.00000000000000e-03 7.80110089260946e-02
1108 -4.23527345307475e-01 1.00000000000000e-03 7.83650574549069e-02
1109 -4.21012766232223e-01 1.00000000000000e-03 7.87096165249804e-02
1110 -4.18451516680695e-01 1.00000000000000e-03 7.90445968066091e-02
1111 -4.15842876396885e-01 1.00000000000000e-03 7.93698976791116e-02
1112 -4.13186108177794e-01 1.00000000000000e-03 7.96854074457785e-02
1113 -4.10480457935132e-01 1.00000000000000e-03 7.99910035244531e-02
1114 -4.07725154728983e-01 1.00000000000000e-03 8.02865526153537e-02
1115 -4.04919410775099e-01 1.00000000000000e-03 8.05719108473394e-02
1116 -4.02062421429503e-01 1.00000000000000e-03 8.08469239072969e-02
1117 -3.99153365150340e-01 1.00000000000000e-03 8.11114271490631e-02
1118 -3.96191403440543e-01 1.00000000000000e-03 8.13652456886569e-02
1119 -3.93175680771326e-01 1.00000000000000e-03 8.16081944835063e-02
1120 -3.90105324488595e-01 1.00000000000000e-03 8.18400783983016e-02
1121 -3.86979444703197e-01 1.00000000000000e-03 8.20606922585575e-02
1122 -3.83797134165990e-01 1.00000000000000e-03 8.22698208927853e-02
1123 -3.80557468128705e-01 1.00000000000000e-03 8.24672391644769e-02
1124 -3.77259504191335e-01 1.00000000000000e-03 8.26527119943677e-02
1125 -3.73902282136549e-01 1.00000000000000e-03 8.28259943743721e-02
1126 -3.70484823752221e-01 1.00000000000000e-03 8.29868313738329e-02
1127 -3.67006132642039e-01 1.00000000000000e-03 8.31349581388691e-02
1128 -3.63465194024961e-01 1.00000000000000e-03 8.32700998853542e-02
1129 -3.59860974523866e-01 1.00000000000000e-03 8.33919718866055e-02
1130 -3.56192421943680e-01 1.00000000000000e-03 8.35002794561673e-02
1131 -3.52458465039255e-01 1.00000000000000e-03 8.35947179264077e-02
1132 -3.48658013273382e-01 1.00000000000000e-03 8.36749726236979e-02
1133 -3.44789956564813e-01 1.00000000000000e-03 8.37407188401845e-02
1134 -3.40853165026883e-01 1.00000000000000e-03 8.37916218036421e-02
1135 -3.36846488696440e-01 1.00000000000000e-03 8.38273366449696e-02
1136 -3.32768757253452e-01 1.00000000000000e-03 8.38475083644959e-02
1137 -3.28618779731235e-01 1.00000000000000e-03 8.38517717973302e-02
1138 -3.24395344217324e-01 1.00000000000000e-03 8.38397515781964e-02
1139 -3.20097217545088e-01 1.00000000000000e-03 8.38110621063770e-02
1140 -3.15723144975945e-01 1.00000000000000e-03 8.37653075109622e-02
1141 -3.11271849872270e-01 1.00000000000000e-03 8.37020816170416e-02
1142 -3.06742033360836e-01 1.00000000000000e-03 8.36209679130209e-02
1143 -3.02132373986804e-01 1.00000000000000e-03 8.35215395196381e-02
1144 -2.97441527358112e-01 1.00000000000000e-03 8.34033591608669e-02
1145 -2.92668125780199e-01 1.00000000000000e-03 8.32659791370734e-02
1146 -2.87810777880950e-01 1.00000000000000e-03 8.31089413008480e-02
1147 -2.82868068225700e-01 1.00000000000000e-03 8.29317770355091e-02
1148 -2.77838556922219e-01 1.00000000000000e-03 8.27340072368429e-02
1149 -2.72720779215504e-01 1.00000000000000e-03 8.25151422980434e-02
1150 -2.67513245072225e-01 1.00000000000000e-03 8.22746820981440e-02
1151 -2.62214438754697e-01 1.00000000000000e-03 8.20121159940056e-02
1152 -2.56822818384210e-01 1.00000000000000e-03 8.17269228160097e-02
1153 -2.51336815493553e-01 1.00000000000000e-03 8.14185708674183e-02
1154 -2.45754834568602e-01 1.00000000000000e-03 8.10865179274412e-02
1155 -2.40075252578789e-01 1.00000000000000e-03 8.07302112578734e-02
1156 -2.34296418496336e-01 1.00000000000000e-03 8.03490876131744e-02
1157 -2.28416652804095e-01 1.00000000000000e-03 7.99425732537312e-02
1158 -2.22434246991885e-01 1.00000000000000e-03 7.95100839620298e-02
1159 -2.16347463041188e-01 1.00000000000000e-03 7.90510250612662e-02
1160 -2.10154532898136e-01 1.00000000000000e-03 7.85647914359029e-02
1161 -2.03853657934698e-01 1.00000000000000e-03 7.80507675535415e-02
1162 -1.97443008398003e-01 1.00000000000000e-03 7.75083274872959e-02
1163 -1.90920722847805e-01 1.00000000000000e-03 7.69368349378250e-02
1164 -1.84284907582067e-01 1.00000000000000e-03 7.63356432538844e-02
1165 -1.77533636050724e-01 1.00000000000000e-03 7.57040954501963e-02
1166 -1.70664948257712e-01 1.00000000000000e-03 7.50415242211549e-02
1167 -1.63676850151392e-01 1.00000000000000e-03 7.43472519487737e-02
1168 -1.56567313003555e-01 1.00000000000000e-03 7.36205907029182e-02
1169 -1.49334272777269e-01 1.00000000000000e-03 7.28608422317250e-02
1170 -1.41975629483865e-01 1.00000000000000e-03 7.20672979397653e-02
1171 -1.34489246529467e-01 1.00000000000000e-03 7.12392388511902e-02
1172 -1.26872950051530e-01 1.00000000000000e-03 7.03759355548051e-02
1173 -1.19124528245963e-01 1.00000000000000e-03 6.94766481275847e-02
1174 -1.11241730685487e-01 1.00000000000000e-03 6.85406260327750e-02
1175 -1.03222267630030e-01 1.00000000000000e-03 6.75671079882417e-02
1176 -9.50638093300526e-02 1.00000000000000e-03 6.65553218002624e-02
1177 -8.67639853238407e-02 1.00000000000000e-03 6.55044841573877e-02
1178 -7.83203837299753e-02 1.00000000000000e-03 6.44138003784313e-02
1179 -6.97305505363226e-02 1.00000000000000e-03 6.32824641079844e-02
1180 -6.09919888870913e-02 1.00000000000000e-03 6.21096569521519e-02
1181 -5.21021583696967e-02 1.00000000000000e-03 6.08945480464360e-02
1182 -4.30584743033870e-02 1.00000000000000e-03 5.96362935468454e-02
1183 -3.38583070318318e-02 1.00000000000000e-03 5.83340360344034e-02
1184 -2.44989812221356e-02 1.00000000000000e-03 5.69869038222056e-02
1185 -1.49777751730199e-02 1.00000000000000e-03 5.55940101531248e-02
1186 -5.28081817849240e-03 1.00000000000000e-03 5.41527894353773e-02
1187 1.44918582173687e-02 0.00000000000000e+00 5.11460278759093e-02
1188 2.43401826060744e-02 0.00000000000000e+00 4.96156467885094e-02
1189 3.39102225188496e-02 0.00000000000000e+00 4.81083873566586e-02
1190 4.33041356158769e-02 0.00000000000000e+00 4.66100801290024e-02
1191 5.25252814915385e-02 0.00000000000000e+00 4.51216762345154e-02
1192 6.15769490083518e-02 0.00000000000000e+00 4.36440228208258e-02
1193 7.04623580955746e-02 0.00000000000000e+00 4.21778727543583e-02
1194 7.91846615052648e-02 0.00000000000000e+00 4.07238933626266e-02
1195 8.77469465226924e-02 0.00000000000000e+00 3.92826743240474e-02
1196 9.61522366291474e-02 0.00000000000000e+00 3.78547347973106e-02
1197 1.04403493116082e-01 0.00000000000000e+00 3.64405298709705e-02
1198 1.12503616650221e-01 0.00000000000000e+00 3.50404564042069e-02
1199 1.20455448789822e-01 0.00000000000000e+00 3.36548583213230e-02
1200 1.28261773452658e-01 0.00000000000000e+00 3.22840314153106e-02
1201 1.35925318336639e-01 0.00000000000000e+00 3.09282277095543e-02
1202 1.43448756294178e-01 0.00000000000000e+00 2.95876594212861e-02
1203 1.50834706661616e-01 0.00000000000000e+00 2.82625025656303e-02
1204 1.58085736545096e-01 0.00000000000000e+00 2.69529002349225e-02
1205 1.65204362064377e-01 0.00000000000000e+00 2.56589655843082e-02
1206 1.72193049556103e-01 0.00000000000000e+00 2.43807845513989e-02
1207 1.79054216738070e-01 0.00000000000000e+00 2.31184183349256e-02
1208 1.85790233836014e-01 0.00000000000000e+00 2.18719056547840e-02
1209 1.92403424674450e-01 0.00000000000000e+00 2.06412648136425e-02
1210 1.98896067733027e-01 0.00000000000000e+00 1.94264955782781e-02
1211 2.05270397169859e-01 0.00000000000000e+00 1.82275808970447e-02
1212 2.11528603813215e-01 0.00000000000000e+00 1.70444884682730e-02
1213 2.17672836122939e-01 0.00000000000000e+00 1.58771721730011e-02
1214 2.23705201122868e-01 0.00000000000000e+00 1.47255733841486e-02
1215 2.29627765305515e-01 0.00000000000000e+00 1.35896221631249e-02
1216 2.35442555510186e-01 0.00000000000000e+00 1.24692383538147e-02
1217 2.41151559775679e-01 0.00000000000000e+00 1.13643325829832e-02
1218 2.46756728168632e-01 0.00000000000000e+00 1.02748071753007e-02
1219 2.52259973588549e-01 0.00000000000000e+00 9.20055699043456e-03
1220 2.57663172550482e-01 0.00000000000000e+00 8.14147018899547e-03
1221 2.62968165946288e-01 0.00000000000000e+00 7.09742893349159e-03
1222 2.68176759785345e-01 0.00000000000000e+00 6.06831002990906e-03
1223 2.73290725915548e-01 0.00000000000000e+00 5.05398551502269e-03
1224 2.78311802725386e-01 0.00000000000000e+00 4.05432319409915e-03
1225 2.83241695827830e-01 0.00000000000000e+00 3.06918713322675e-03
1226 2.88082078726754e-01 0.00000000000000e+00 2.09843811014976e-03
1227 2.92834593466544e-01 0.00000000000000e+00 1.14193402713023e-03
1228 2.97500851265540e-01 0.00000000000000e+00 1.99530289057273e-04
1229 3.02082433133899e-01 0.00000000000000e+00 -7.28919850250082e-04
1230 3.06580890476456e-01 0.00000000000000e+00 -1.64356497087383e-03
1231 3.10997745681115e-01 0.00000000000000e+00 -2.54455519630002e-03
1232 3.15334492693291e-01 0.00000000000000e+00 -3.43204192736278e-03
1233 3.19592597576861e-01 0.00000000000000e+00 -4.30617759857963e-03
1234 3.23773499062119e-01 0.00000000000000e+00 -5.16711545500988e-03
1235 3.27878609081133e-01 0.00000000000000e+00 -6.01500934792742e-03
1236 3.31909313290947e-01 0.00000000000000e+00 -6.85001354774225e-03
1237 3.35866971585001e-01 0.00000000000000e+00 -7.67228257274527e-03
1238 3.39752918593152e-01 0.00000000000000e+00 -8.48197103236785e-03
1239 3.43568464170643e-01 0.00000000000000e+00 -9.27923348375917e-03
1240 3.47314893876370e-01 0.00000000000000e+00 -1.00642243005889e-02
1241 3.50993469440750e-01 0.00000000000000e+00 -1.08370975530708e-02
1242 3.54605429223520e-01 0.00000000000000e+00 -1.15980068982976e-02
1243 3.58151988661737e-01 0.00000000000000e+00 -1.23471054800376e-02
1244 3.61634340708272e-01 0.00000000000000e+00 -1.30845458372356e-02
1245 3.65053656261062e-01 0.00000000000000e+00 -1.38104798205069e-02
1246 3.68411084583367e-01 0.00000000000000e+00 -1.45250585159834e-02
1247 3.71707753715293e-01 0.00000000000000e+00 -1.52284321759226e-02
1248 3.74944770876797e-01 0.00000000000000e+00 -1.59207501555350e-02
1249 3.78123222862406e-01 0.00000000000000e+00 -1.66021608555369e-02
1250 3.81244176427866e-01 0.00000000000000e+00 -1.72728116699773e-02
1251 3.84308678668926e-01 0.00000000000000e+00 -1.79328489389138e-02
1252 3.87317757392447e-01 0.00000000000000e+00 -1.85824179055662e-02
1253 3.90272421480046e-01 0.00000000000000e+00 -1.92216626775905e-02
1254 3.93173661244435e-01 0.00000000000000e+00 -1.98507261921546e-02
1255 3.96022448778645e-01 0.00000000000000e+00 -2.04697501845203e-02
1256 3.98819738298308e-01 0.00000000000000e+00 -2.10788751598634e-02
1257 4.01566466477147e-01 0.00000000000000e+00 -2.16782403680801e-02
1258 4.04263552775846e-01 0.00000000000000e+00 -2.22679837813525e-02
1259 4.06911899764445e-01 0.00000000000000e+00 -2.28482420742690e-02
1260 4.09512393438414e-01 0.00000000000000e+00 -2.34191506062964e-02
1261 4.12065903528537e-01 0.00000000000000e+00 -2.39808434064386e-02
1262 4.14573283804763e-01 0.00000000000000e+00 -2.45334531599109e-02
1263 4.17035372374137e-01 0.00000000000000e+00 -2.50771111966827e-02
1264 4.19452991972956e-01 0.00000000000000e+00 -2.56119474817521e-02
1265 4.21826950253276e-01 0.00000000000000e+00 -2.61380906070246e-02
1266 4.24158040063875e-01 0.00000000000000e+00 -2.66556677846772e-02
1267 4.26447039725810e-01 0.00000000000000e+00 -2.71648048419035e-02
1268 4.28694713302677e-01 0.00000000000000e+00 -2.76656262169386e-02
1269 4.30901810865680e-01 0.00000000000000e+00 -2.81582549562696e-02
1270 4.33069068753626e-01 0.00000000000000e+00 -2.86428127129539e-02
1271 4.35197209827941e-01 0.00000000000000e+00 -2.91194197459577e-02
1272 4.37286943722830e-01 0.00000000000000e+00 -2.95881949204523e-02
1273 4.39338967090652e-01 0.00000000000000e+00 -3.00492557089922e-02
1274 4.41353963842638e-01 0.00000000000000e+00 -3.05027181935189e-02
1275 4.43332605385028e-01 0.00000000000000e+00 -3.09486970681311e-02
1276 4.45275550850719e-01 0.00000000000000e+00 -3.13873056425676e-02
1277 4.47183447326531e-01 0.00000000000000e+00 -3.18186558463535e-02
1278 4.49056930076162e-01 0.00000000000000e+00 -3.22428582335650e-02
1279 4.50896622758926e-01 0.00000000000000e+00 -3.26600219881680e-02
1280 4.52703137644358e-01 0.00000000000000e+00 -3.30702549298915e-02
1281 4.54477075822766e-01 0.00000000000000e+00 -3.34736635206012e-02
1282 4.56219027411814e-01 0.00000000000000e+00 -3.38703528711346e-02
1283 4.57929571759207e-01 0.00000000000000e+00 -3.42604267485666e-02
1284 4.59609277641562e-01 0.00000000000000e+00 -3.46439875838794e-02
1285 4.61258703459542e-01 0.00000000000000e+00 -3.50211364800011e-02
1286 4.62878397429308e-01 0.00000000000000e+00 -3.53919732201944e-02
1287 4.64468897770392e-01 0.00000000000000e+00 -3.57565962767652e-02
1288 4.66030732890028e-01 0.00000000000000e+00 -3.61151028200693e-02
1289 4.67564421564030e-01 0.00000000000000e+00 -3.64675887277971e-02
1290 4.69070473114283e-01 0.00000000000000e+00 -3.68141485945141e-02
1291 4.70549387582900e-01 0.00000000000000e+00 -3.71548757414381e-02
1292 4.72001655903126e-01 0.00000000000000e+00 -3.74898622264357e-02
1293 4.73427760067033e-01 0.00000000000000e+00 -3.78191988542199e-02
1294 4.74828173290092e-01 0.00000000000000e+00 -3.81429751867342e-02
1295 4.76203360172652e-01 0.00000000000000e+00 -3.84612795537060e-02
1296 4.77553776858415e-01 0.00000000000000e+00 -3.87741990633572e-02
1297 4.78879871189946e-01 0.00000000000000e+00 -3.90818196132557e-02
1298 4.80182082861275e-01 0.00000000000000e+00 -3.93842259012969e-02
1299 4.81460843567660e-01 0.00000000000000e+00 -3.96815014368040e-02
1300 4.82716577152549e-01 0.00000000000000e+00 -3.99737285517305e-02
1301 4.83949699751810e-01 0.00000000000000e+00 -4.02609884119604e-02
1302 4.85160619935265e-01 0.00000000000000e+00 -4.05433610286911e-02
1303 4.86349738845590e-01 0.00000000000000e+00 -4.08209252698910e-02
1304 4.87517450334634e-01 0.00000000000000e+00 -4.10937588718208e-02
1305 4.88664141097192e-01 0.00000000000000e+00 -4.13619384506137e-02
1306 4.89790190802295e-01 0.00000000000000e+00 -4.16255395138981e-02
1307 4.90895972222056e-01 0.00000000000000e+00 -4.18846364724642e-02
1308 4.91981851358120e-01 0.00000000000000e+00 -4.21393026519596e-02
1309 4.93048187565764e-01 0.00000000000000e+00 -4.23896103046095e-02
1310 4.94095333675695e-01 0.00000000000000e+00 -4.26356306209533e-02
1311 4.95123636113577e-01 0.00000000000000e+00 -4.28774337415937e-02
1312 4.96133435017349e-01 0.00000000000000e+00 -4.31150887689475e-02
1313 4.97124028969604e-01 0.00000000000000e+00 -4.33484197964861e-02
1314 1.44918582173687e-02 1.00000000000000e-03 5.11460278759093e-02
1315 2.43401826060744e-02 1.00000000000000e-03 4.96156467885094e-02
1316 3.39102225188496e-02 1.00000000000000e-03 4.81083873566586e-02
1317 4.33041356158769e-02 1.00000000000000e-03 4.66100801290024e-02
1318 5.25252814915385e-02 1.00000000000000e-03 4.51216762345154e-02
1319 6.15769490083518e-02 1.00000000000000e-03 4.36440228208258e-02
1320 7.04623580955746e-02 1.00000000000000e-03 4.21778727543583e-02
1321 7.91846615052648e-02 1.00000000000000e-03 4.07238933626266e-02
1322 8.77469465226924e-02 1.00000000000000e-03 3.92826743240474e-02
1323 9.61522366291474e-02 1.00000000000000e-03 3.78547347973106e-02
1324 1.04403493116082e-01 1.00000000000000e-03 3.64405298709705e-02
1325 1.12503616650221e-01 1.00000000000000e-03 3.50404564042069e-02
1326 1.20455448789822e-01 1.00000000000000e-03 3.36548583213230e-02
1327 1.28261773452658e-01 1.00000000000000e-03 3.22840314153106e-02
1328 1.35925318336639e-01 1.00000000000000e-03 3.09282277095543e-02
1329 1.43448756294178e-01 1.00000000000000e-03 2.95876594212861e-02
1330 1.50834706661616e-01 1.00000000000000e-03 2.82625025656303e-02
1331 1.58085736545096e-01 1.00000000000000e-03 2.69529002349225e-02
1332 1.65204362064377e-01 1.00000000000000e-03 2.56589655843082e-02
1333 1.72193049556103e-01 1.00000000000000e-03 2.43807845513989e-02
1334 1.79054216738070e-01 1.00000000000000e-03 2.31184183349256e-02
1335 1.85790233836014e-01 1.00000000000000e-03 2.18719056547840e-02
1336 1.92403424674450e-01 1.00000000000000e-03 2.06412648136425e-02
1337 1.98896067733027e-01 1.00000000000000e-03 1.94264955782781e-02
1338 2.05270397169859e-01 1.00000000000000e-03 1.82275808970447e-02
1339 2.11528603813215e-01 1.00000000000000e-03 1.70444884682730e-02
1340 2.17672836122939e-01 1.00000000000000e-03 1.58771721730011e-02
1341 2.23705201122868e-01 1.00000000000000e-03 1.47255733841486e-02
1342 2.29627765305515e-01 1.00000000000000e-03 1.35896221631249e-02
1343 2.35442555510186e-01 1.00000000000000e-03 1.24692383538147e-02
1344 2.41151559775679e-01 1.00000000000000e-03 1.13643325829832e-02
1345 2.46756728168632e-01 1.00000000000000e-03 1.02748071753007e-02
1346 2.52259973588549e-01 1.00000000000000e-03 9.20055699043456e-03
1347 2.57663172550482e-01 1.00000000000000e-03 8.14147018899547e-03
1348 2.62968165946288e-01 1.00000000000000e-03 7.09742893349159e-03
1349 2.68176759785345e-01 1.00000000000000e-03 6.06831002990906e-03
1350 2.73290725915548e-01 1.00000000000000e-03 5.05398551502269e-03
1351 2.78311802725386e-01 1.00000000000000e-03 4.05432319409915e-03
1352 2.83241695827830e-01 1.00000000000000e-03 3.06918713322675e-03
1353 2.88082078726754e-01 1.00000000000000e-03 2.09843811014976e-03
1354 2.92834593466544e-01 1.00000000000000e-03 1.14193402713023e-03
1355 2.97500851265540e-01 1.00000000000000e-03 1.99530289057273e-04
1356 3.02082433133899e-01 1.00000000000000e-03 -7.28919850250082e-04
1357 3.06580890476456e-01 1.00000000000000e-03 -1.64356497087383e-03
1358 3.10997745681115e-01 1.00000000000000e-03 -2.54455519630002e-03
1359 3.15334492693291e-01 1.00000000000000e-03 -3.43204192736278e-03
1360 3.19592597576861e-01 1.00000000000000e-03 -4.30617759857963e-03
1361 3.23773499062119e-01 1.00000000000000e-03 -5.16711545500988e-03
1362 3.27878609081133e-01 1.00000000000000e-03 -6.01500934792742e-03
1363 3.31909313290947e-01 1.00000000000000e-03 -6.85001354774225e-03
1364 3.35866971585001e-01 1.00000000000000e-03 -7.67228257274527e-03
1365 3.39752918593152e-01 1.00000000000000e-03 -8.48197103236785e-03
1366 3.43568464170643e-01 1.00000000000000e-03 -9.27923348375917e-03
1367 3.47314893876370e-01 1.00000000000000e-03 -1.00642243005889e-02
1368 3.50993469440750e-01 1.00000000000000e-03 -1.08370975530708e-02
1369 3.54605429223520e-01 1.00000000000000e-03 -1.15980068982976e-02
1370 3.58151988661737e-01 1.00000000000000e-03 -1.23471054800376e-02
1371 3.61634340708272e-01 1.00000000000000e-03 -1.30845458372356e-02
1372 3.65053656261062e-01 1.00000000000000e-03 -1.38104798205069e-02
1373 3.68411084583367e-01 1.00000000000000e-03 -1.45250585159834e-02
1374 3.71707753715293e-01 1.00000000000000e-03 -1.52284321759226e-02
1375 3.74944770876797e-01 1.00000000000000e-03 -1.59207501555350e-02
1376 3.78123222862406e-01 1.00000000000000e-03 -1.66021608555369e-02
1377 3.81244176427866e-01 1.00000000000000e-03 -1.72728116699773e-02
1378 3.84308678668926e-01 1.00000000000000e-03 -1.79328489389138e-02
1379 3.87317757392447e-01 1.00000000000000e-03 -1.85824179055662e-02
1380 3.90272421480046e-01 1.00000000000000e-03 -1.92216626775905e-02
1381 3.93173661244435e-01 1.00000000000000e-03 -1.98507261921546e-02
1382 3.96022448778645e-01 1.00000000000000e-03 -2.04697501845203e-02
1383 3.98819738298308e-01 1.00000000000000e-03 -2.10788751598634e-02
1384 4.01566466477147e-01 1.00000000000000e-03 -2.16782403680801e-02
1385 4.04263552775846e-01 1.00000000000000e-03 -2.22679837813525e-02
1386 4.06911899764445e-01 1.00000000000000e-03 -2.28482420742690e-02
1387 4.09512393438414e-01 1.00000000000000e-03 -2.34191506062964e-02
1388 4.12065903528537e-01 1.00000000000000e-03 -2.39808434064386e-02
1389 4.14573283804763e-01 1.00000000000000e-03 -2.45334531599109e-02
1390 4.17035372374137e-01 1.00000000000000e-03 -2.50771111966827e-02
1391 4.19452991972956e-01 1.00000000000000e-03 -2.56119474817521e-02
1392 4.21826950253276e-01 1.00000000000000e-03 -2.61380906070246e-02
1393 4.24158040063875e-01 1.00000000000000e-03 -2.66556677846772e-02
1394 4.26447039725810e-01 1.00000000000000e-03 -2.71648048419035e-02
1395 4.28694713302677e-01 1.00000000000000e-03 -2.76656262169386e-02
1396 4.30901810865680e-01 1.00000000000000e-03 -2.81582549562696e-02
1397 4.33069068753626e-01 1.00000000000000e-03 -2.86428127129539e-02
1398 4.35197209827941e-01 1.00000000000000e-03 -2.91194197459577e-02
1399 4.37286943722830e-01 1.00000000000000e-03 -2.95881949204523e-02
1400 4.39338967090652e-01 1.00000000000000e-03 -3.00492557089922e-02
1401 4.41353963842638e-01 1.00000000000000e-03 -3.05027181935189e-02
1402 4.43332605385028e-01 1.00000000000000e-03 -3.09486970681311e-02
1403 4.45275550850719e-01 1.00000000000000e-03 -3.13873056425676e-02
1404 4.47183447326531e-01 1.00000000000000e-03 -3.18186558463535e-02
1405 4.49056930076162e-01 1.00000000000000e-03 -3.22428582335650e-02
1406 4.50896622758926e-01 1.00000000000000e-03 -3.26600219881680e-02
1407 4.52703137644358e-01 1.00000000000000e-03 -3.30702549298915e-02
1408 4.54477075822766e-01 1.00000000000000e-03 -3.34736635206012e-02
1409 4.56219027411814e-01 1.00000000000000e-03 -3.38703528711346e-02
1410 4.57929571759207e-01 1.00000000000000e-03 -3.42604267485666e-02
1411 4.59609277641562e-01 1.00000000000000e-03 -3.46439875838794e-02
1412 4.61258703459542e-01 1.00000000000000e-03 -3.50211364800011e-02
1413 4.62878397429308e-01 1.00000000000000e-03 -3.53919732201944e-02
1414 4.64468897770392e-01 1.00000000000000e-03 -3.57565962767652e-02
1415 4.66030732890028e-01 1.00000000000000e-03 -3.61151028200693e-02
1416 4.67564421564030e-01 1.00000000000000e-03 -3.64675887277971e-02
1417 4.69070473114283e-01 1.00000000000000e-03 -3.68141485945141e-02
1418 4.70549387582900e-01 1.00000000000000e-03 -3.71548757414381e-02
1419 4.72001655903126e-01 1.00000000000000e-03 -3.74898622264357e-02
1420 4.73427760067033e-01 1.00000000000000e-03 -3.78191988542199e-02
1421 4.74828173290092e-01 1.00000000000000e-03 -3.81429751867342e-02
1422 4.76203360172652e-01 1.00000000000000e-03 -3.84612795537060e-02
1423 4.77553776858415e-01 1.00000000000000e-03 -3.87741990633572e-02
1424 4.78879871189946e-01 1.00000000000000e-03 -3.90818196132557e-02
1425 4.80182082861275e-01 1.00000000000000e-03 -3.93842259012969e-02
1426 4.81460843567660e-01 1.00000000000000e-03 -3.96815014368040e-02
1427 4.82716577152549e-01 1.00000000000000e-03 -3.99737285517305e-02
1428 4.83949699751810e-01 1.00000000000000e-03 -4.02609884119604e-02
1429 4.85160619935265e-01 1.00000000000000e-03 -4.05433610286911e-02
1430 4.86349738845590e-01 1.00000000000000e-03 -4.08209252698910e-02
1431 4.87517450334634e-01 1.00000000000000e-03 -4.10937588718208e-02
1432 4.88664141097192e-01 1.00000000000000e-03 -4.13619384506137e-02
1433 4.89790190802295e-01 1.00000000000000e-03 -4.16255395138981e-02
1434 4.90895972222056e-01 1.00000000000000e-03 -4.18846364724642e-02
1435 4.91981851358120e-01 1.00000000000000e-03 -4.21393026519596e-02
1436 4.93048187565764e-01 1.00000000000000e-03 -4.23896103046095e-02
1437 4.94095333675695e-01 1.00000000000000e-03 -4.26356306209533e-02
1438 4.95123636113577e-01 1.00000000000000e-03 -4.28774337415937e-02
1439 4.96133435017349e-01 1.00000000000000e-03 -4.31150887689475e-02
1440 4.97124028969604e-01 1.00000000000000e-03 -4.33484197964861e-02
12464 -4.11004987262088e-03 5.00000000000000e-04 -5.26720609651004e-02
12465 -2.24349191184226e-03 5.00000000000000e-04 -5.27155516969753e-02
12466 -5.13347474948182e-03 4.97625792075955e-04 -5.26478884616123e-02
12467 -7.09500215615622e-03 4.99970120694974e-04 -5.26009087374357e-02
12468 4.11556589089407e-03 5.00000000000000e-04 5.27350844308666e-02
12469 2.26959775870923e-03 5.00000000000000e-04 5.30152157065434e-02
12470 5.09623982763411e-03 5.00000114729401e-04 5.25859460682045e-02
12471 6.91754399002299e-03 5.00000486279944e-04 5.23083838254683e-02
25335 203 9 10 662 
25336 203 534 535 661 
25337 203 661 660 534 
25338 203 660 659 533 
25339 203 659 658 532 
25340 203 530 531 657 
25341 203 657 656 530 
25342 203 528 529 655 
25343 203 655 654 528 
25344 203 654 653 526 
25345 203 652 525 653 
25346 203 652 651 524 
25347 203 650 523 651 
25348 203 650 649 522 
25349 203 648 521 649 
25350 203 648 647 520 
25351 203 646 519 647 
25352 203 646 645 518 
25353 203 517 518 644 
25354 203 516 517 643 
25355 203 642 515 643 
25356 203 642 641 514 
25357 203 513 514 640 
25358 203 640 639 512 
25359 203 639 638 512 
25360 203 638 637 511 
25361 203 637 636 510 
25362 203 508 509 635 
25363 203 510 511 637 
25364 203 511 512 638 
25365 203 532 533 659 
25366 203 533 534 660 
25367 203 662 661 535 
25368 203 658 657 531 
25369 203 530 656 529 
25370 203 654 526 527 
25371 203 528 654 527 
25372 203 652 524 525 
25373 203 526 653 525 
25374 203 650 522 523 
25375 203 524 651 523 
25376 203 648 520 521 
25377 203 522 649 521 
25378 203 646 518 519 
25379 203 520 647 519 
25380 203 644 643 517 
25381 203 645 644 518 
25382 203 642 514 515 
25383 203 516 643 515 
25384 203 640 512 513 
25385 203 641 640 514 
25386 203 636 635 509 
25387 203 634 507 635 
25388 203 634 633 506 
25389 203 632 505 633 
25390 203 632 631 504 
25391 203 630 503 631 
25392 203 630 629 502 
25393 203 628 501 629 
25394 203 628 627 500 
25395 203 626 499 627 
25396 203 626 625 498 
25397 203 624 497 625 
25398 203 624 623 496 
25399 203 623 622 496 
25400 203 12 11 12464 
25401 203 495 496 622 
25402 203 496 497 624 
25403 203 498 625 497 
25404 203 498 499 626 
25405 203 500 627 499 
25406 203 500 501 628 
25407 203 502 629 501 
25408 203 502 503 630 
25409 203 504 631 503 
25410 203 504 505 632 
25411 203 506 633 505 
25412 203 506 507 634 
25413 203 508 635 507 
25414 203 509 510 636 
25415 203 656 655 529 
25416 203 531 532 658 
25417 203 535 9 662 
25418 203 622 621 495 
25419 203 493 494 620 
25420 203 620 619 493 
25421 203 619 618 491 
25422 203 617 490 618 
25423 203 617 616 489 
25424 203 615 488 616 
25425 203 615 614 487 
25426 203 613 486 614 
25427 203 613 612 485 
25428 203 611 484 612 
25429 203 611 610 483 
25430 203 610 609 483 
25431 203 495 621 494 
25432 203 619 491 492 
25433 203 493 619 492 
25434 203 617 489 490 
25435 203 491 618 490 
25436 203 615 487 488 
25437 203 489 616 488 
25438 203 613 485 486 
25439 203 487 614 486 
25440 203 611 483 484 
25441 203 485 612 484 
25442 203 621 620 494 
25443 203 483 609 482 
25444 203 609 608 482 
25445 203 607 480 608 
25446 203 607 606 480 
25447 203 478 479 605 
25448 203 605 604 478 
25449 203 476 477 603 
25450 203 603 602 476 
25451 203 602 601 474 
25452 203 600 473 601 
25453 203 600 599 472 
25454 203 599 598 472 
25455 203 598 597 471 
25456 203 597 596 470 
25457 203 468 469 595 
25458 203 595 594 468 
25459 203 470 596 469 
25460 203 480 606 479 
25461 203 481 608 480 
25462 203 606 605 479 
25463 203 478 604 477 
25464 203 602 474 475 
25465 203 476 602 475 
25466 203 600 472 473 
25467 203 474 601 473 
25468 203 598 471 472 
25469 203 471 597 470 
25470 203 596 595 469 
25471 203 468 594 467 
25472 203 604 603 477 
25473 203 481 482 608 
25474 203 594 593 467 
25475 203 465 466 592 
25476 203 592 591 465 
25477 203 463 464 590 
25478 203 589 462 590 
25479 203 461 462 588 
25480 203 588 587 461 
25481 203 459 460 586 
25482 203 586 585 459 
25483 203 457 458 584 
25484 203 584 583 457 
25485 203 583 582 456 
25486 203 582 581 455 
25487 203 581 580 454 
25488 203 453 454 580 
25489 203 454 455 581 
25490 203 455 456 582 
25491 203 456 457 583 
25492 203 585 584 458 
25493 203 458 459 585 
25494 203 587 586 460 
25495 203 460 461 587 
25496 203 589 588 462 
25497 203 463 590 462 
25498 203 591 590 464 
25499 203 464 465 591 
25500 203 593 592 466 
25501 203 466 467 593 
25502 203 12464 12465 12 
25503 203 579 578 451 
25504 203 577 450 578 
25505 203 577 576 449 
25506 203 575 448 576 
25507 203 575 574 447 
25508 203 573 446 574 
25509 203 573 572 445 
25510 203 571 444 572 
25511 203 571 570 443 
25512 203 569 442 570 
25513 203 569 568 441 
25514 203 441 442 569 
25515 203 443 570 442 
25516 203 443 444 571 
25517 203 445 572 444 
25518 203 445 446 573 
25519 203 447 574 446 
25520 203 447 448 575 
25521 203 449 576 448 
25522 203 449 450 577 
25523 203 451 578 450 
25524 203 451 452 579 
25525 203 579 452 453 
25526 203 11 12465 12464 
25527 203 567 566 440 
25528 203 438 439 565 
25529 203 565 564 438 
25530 203 436 437 563 
25531 203 563 562 436 
25532 203 434 435 561 
25533 203 561 560 434 
25534 203 432 433 559 
25535 203 559 558 432 
25536 203 558 557 431 
25537 203 557 556 429 
25538 203 429 430 557 
25539 203 430 431 557 
25540 203 431 432 558 
25541 203 560 559 433 
25542 203 433 434 560 
25543 203 562 561 435 
25544 203 435 436 562 
25545 203 564 563 437 
25546 203 437 438 564 
25547 203 566 565 439 
25548 203 439 440 566 
25549 203 567 440 441 
25550 203 11 409 12465 
25551 203 580 579 453 
25552 203 555 554 427 
25553 203 553 426 554 
25554 203 553 552 425 
25555 203 551 424 552 
25556 203 551 550 423 
25557 203 550 549 423 
25558 203 549 548 422 
25559 203 548 547 421 
25560 203 419 420 546 
25561 203 546 545 419 
25562 203 545 544 417 
25563 203 417 418 545 
25564 203 418 419 545 
25565 203 547 546 420 
25566 203 420 421 547 
25567 203 421 422 548 
25568 203 422 423 549 
25569 203 423 424 551 
25570 203 425 552 424 
25571 203 425 426 553 
25572 203 427 554 426 
25573 203 427 428 555 
25574 203 536 12 12465 
25575 203 555 428 429 
25576 203 544 543 417 
25577 203 568 567 441 
25578 203 543 542 415 
25579 203 541 414 542 
25580 203 541 540 413 
25581 203 539 412 540 
25582 203 539 538 411 
25583 203 537 410 538 
25584 203 537 536 409 
25585 203 409 410 537 
25586 203 411 538 410 
25587 203 411 412 539 
25588 203 413 540 412 
25589 203 413 414 541 
25590 203 415 542 414 
25591 203 415 416 543 
25592 203 556 555 429 
25593 203 409 536 12465 
25594 203 543 416 417 
25595 203 822 821 690 
25596 203 821 820 690 
25597 203 688 689 819 
25598 203 819 818 688 
25599 203 818 817 686 
25600 203 685 686 816 
25601 203 816 815 684 
25602 203 683 684 814 
25603 203 814 813 682 
25604 203 812 681 813 
25605 203 680 681 811 
25606 203 810 679 811 
25607 203 678 679 809 
25608 203 808 677 809 
25609 203 808 807 676 
25610 203 806 675 807 
25611 203 806 805 674 
25612 203 673 674 804 
25613 203 804 803 672 
25614 203 802 671 803 
25615 203 802 801 670 
25616 203 800 669 801 
25617 203 800 799 668 
25618 203 798 667 799 
25619 203 798 797 666 
25620 203 796 665 797 
25621 203 796 795 664 
25622 203 794 663 795 
25623 203 794 14 13 
25624 203 690 691 822 
25625 203 11 12 12466 
25626 203 835 834 703 
25627 203 833 702 834 
25628 203 701 702 832 
25629 203 832 831 701 
25630 203 831 830 699 
25631 203 829 698 830 
25632 203 829 828 697 
25633 203 827 696 828 
25634 203 827 826 695 
25635 203 825 694 826 
25636 203 825 824 693 
25637 203 823 692 824 
25638 203 823 822 691 
25639 203 690 820 689 
25640 203 818 686 687 
25641 203 688 818 687 
25642 203 816 684 685 
25643 203 817 816 686 
25644 203 814 682 683 
25645 203 815 814 684 
25646 203 812 811 681 
25647 203 682 813 681 
25648 203 810 809 679 
25649 203 680 811 679 
25650 203 808 676 677 
25651 203 678 809 677 
25652 203 806 674 675 
25653 203 676 807 675 
25654 203 804 672 673 
25655 203 805 804 674 
25656 203 802 670 671 
25657 203 672 803 671 
25658 203 800 668 669 
25659 203 670 801 669 
25660 203 798 666 667 
25661 203 668 799 667 
25662 203 796 664 665 
25663 203 666 797 665 
25664 203 794 13 663 
25665 203 664 795 663 
25666 203 820 819 689 
25667 203 835 703 704 
25668 203 703 834 702 
25669 203 831 699 700 
25670 203 701 831 700 
25671 203 829 697 698 
25672 203 699 830 698 
25673 203 827 695 696 
25674 203 697 828 696 
25675 203 825 693 694 
25676 203 695 826 694 
25677 203 823 691 692 
25678 203 693 824 692 
25679 203 833 832 702 
25680 203 850 849 718 
25681 203 849 848 718 
25682 203 716 717 847 
25683 203 847 846 716 
25684 203 846 845 714 
25685 203 844 713 845 
25686 203 844 843 712 
25687 203 843 842 712 
25688 203 842 841 711 
25689 203 710 841 709 
25690 203 840 839 709 
25691 203 707 708 838 
25692 203 837 706 838 
25693 203 837 836 705 
25694 203 836 835 704 
25695 203 718 848 717 
25696 203 846 714 715 
25697 203 716 846 715 
25698 203 844 712 713 
25699 203 714 845 713 
25700 203 842 711 712 
25701 203 711 841 710 
25702 203 840 709 841 
25703 203 709 839 708 
25704 203 837 705 706 
25705 203 707 838 706 
25706 203 705 836 704 
25707 203 839 838 708 
25708 203 848 847 717 
25709 203 850 718 719 
25710 203 863 732 864 
25711 203 863 862 731 
25712 203 862 861 731 
25713 203 729 730 860 
25714 203 860 859 729 
25715 203 859 858 727 
25716 203 857 726 858 
25717 203 857 856 725 
25718 203 855 724 856 
25719 203 855 854 723 
25720 203 853 722 854 
25721 203 853 852 721 
25722 203 851 720 852 
25723 203 851 850 719 
25724 203 863 731 732 
25725 203 731 861 730 
25726 203 859 727 728 
25727 203 729 859 728 
25728 203 857 725 726 
25729 203 727 858 726 
25730 203 855 723 724 
25731 203 725 856 724 
25732 203 853 721 722 
25733 203 723 854 722 
25734 203 851 719 720 
25735 203 721 852 720 
25736 203 733 864 732 
25737 203 861 860 730 
25738 203 879 878 747 
25739 203 878 877 747 
25740 203 745 746 876 
25741 203 876 875 745 
25742 203 743 744 874 
25743 203 742 743 873 
25744 203 873 872 741 
25745 203 871 740 872 
25746 203 871 870 739 
25747 203 869 738 870 
25748 203 869 868 737 
25749 203 867 736 868 
25750 203 867 866 735 
25751 203 865 734 866 
25752 203 865 864 733 
25753 203 747 877 746 
25754 203 875 874 744 
25755 203 745 875 744 
25756 203 873 741 742 
25757 203 874 873 743 
25758 203 871 739 740 
25759 203 741 872 740 
25760 203 869 737 738 
25761 203 739 870 738 
25762 203 867 735 736 
25763 203 737 868 736 
25764 203 865 733 734 
25765 203 735 866 734 
25766 203 877 876 746 
25767 203 879 747 748 
25768 203 12467 11 12466 
25769 203 892 891 761 
25770 203 759 760 890 
25771 203 890 889 759 
25772 203 757 758 888 
25773 203 888 887 757 
25774 203 755 756 886 
25775 203 754 755 885 
25776 203 885 884 753 
25777 203 752 753 883 
25778 203 751 752 882 
25779 203 881 750 882 
25780 203 749 750 880 
25781 203 749 880 748 
25782 203 793 11 12467 
25783 203 891 890 760 
25784 203 759 889 758 
25785 203 887 886 756 
25786 203 757 887 756 
25787 203 885 753 754 
25788 203 886 885 755 
25789 203 883 882 752 
25790 203 884 883 753 
25791 203 881 880 750 
25792 203 751 882 750 
25793 203 889 888 758 
25794 203 761 891 760 
25795 203 904 903 772 
25796 203 903 902 772 
25797 203 770 771 901 
25798 203 901 900 770 
25799 203 900 899 768 
25800 203 898 767 899 
25801 203 898 897 766 
25802 203 896 765 897 
25803 203 896 895 764 
25804 203 894 763 895 
25805 203 894 893 762 
25806 203 762 893 761 
25807 203 772 902 771 
25808 203 900 768 769 
25809 203 770 900 769 
25810 203 898 766 767 
25811 203 768 899 767 
25812 203 896 764 765 
25813 203 766 897 765 
25814 203 894 762 763 
25815 203 764 895 763 
25816 203 902 901 771 
25817 203 904 772 773 
25818 203 12 12467 12466 
25819 203 916 915 784 
25820 203 915 914 784 
25821 203 782 783 913 
25822 203 913 912 782 
25823 203 912 911 781 
25824 203 911 910 780 
25825 203 778 779 909 
25826 203 909 908 778 
25827 203 776 777 907 
25828 203 907 906 776 
25829 203 906 905 774 
25830 203 774 905 773 
25831 203 784 914 783 
25832 203 912 781 782 
25833 203 781 911 780 
25834 203 910 909 779 
25835 203 778 908 777 
25836 203 906 774 775 
25837 203 776 906 775 
25838 203 914 913 783 
25839 203 780 910 779 
25840 203 880 879 748 
25841 203 12 924 12467 
25842 203 908 907 777 
25843 203 916 784 785 
25844 203 917 916 785 
25845 203 924 923 792 
25846 203 923 922 792 
25847 203 790 791 921 
25848 203 921 920 790 
25849 203 920 919 788 
25850 203 918 787 919 
25851 203 918 917 786 
25852 203 893 892 761 
25853 203 905 904 773 
25854 203 786 917 785 
25855 203 792 922 791 
25856 203 920 788 789 
25857 203 790 920 789 
25858 203 918 786 787 
25859 203 788 919 787 
25860 203 922 921 791 
25861 203 924 792 793 
25862 203 924 793 12467 
25863 203 13 14 1056 
25864 203 1056 1057 926 
25865 203 1058 927 1057 
25866 203 1058 1059 928 
25867 203 1060 929 1059 
25868 203 1060 1061 930 
25869 203 1062 931 1061 
25870 203 1062 1063 932 
25871 203 1064 933 1063 
25872 203 1064 1065 934 
25873 203 1066 935 1065 
25874 203 936 935 1067 
25875 203 937 936 1068 
25876 203 938 937 1069 
25877 203 1070 939 1069 
25878 203 1070 1071 940 
25879 203 1072 941 1071 
25880 203 1072 1073 942 
25881 203 1074 943 1073 
25882 203 1074 1075 944 
25883 203 1076 945 1075 
25884 203 1076 1077 946 
25885 203 947 946 1078 
25886 203 1078 1079 948 
25887 203 1080 949 1079 
25888 203 950 949 1081 
25889 203 1082 951 1081 
25890 203 1082 1083 952 
25891 203 1083 1084 952 
25892 203 953 952 1084 
25893 203 1058 928 927 
25894 203 1056 926 925 
25895 203 926 1057 927 
25896 203 1060 930 929 
25897 203 928 1059 929 
25898 203 1062 932 931 
25899 203 930 1061 931 
25900 203 1064 934 933 
25901 203 932 1063 933 
25902 203 1066 1067 935 
25903 203 934 1065 935 
25904 203 1068 1069 937 
25905 203 1067 1068 936 
25906 203 1070 940 939 
25907 203 938 1069 939 
25908 203 1072 942 941 
25909 203 940 1071 941 
25910 203 1074 944 943 
25911 203 942 1073 943 
25912 203 1076 946 945 
25913 203 944 1075 945 
25914 203 1078 948 947 
25915 203 1077 1078 946 
25916 203 1080 1081 949 
25917 203 948 1079 949 
25918 203 1082 952 951 
25919 203 950 1081 951 
25920 203 953 1084 1085 
25921 203 955 954 1086 
25922 203 1087 956 1086 
25923 203 957 956 1088 
25924 203 1088 1089 957 
25925 203 959 958 1090 
25926 203 1090 1091 959 
25927 203 960 1091 961 
25928 203 1093 962 1092 
25929 203 963 962 1094 
25930 203 1094 1095 963 
25931 203 964 1095 965 
25932 203 1096 1097 965 
25933 203 16 15 12468 
25934 203 966 965 1097 
25935 203 1096 965 1095 
25936 203 964 963 1095 
25937 203 1093 1094 962 
25938 203 961 1092 962 
25939 203 1092 961 1091 
25940 203 960 959 1091 
25941 203 1089 1090 958 
25942 203 958 957 1089 
25943 203 1087 1088 956 
25944 203 955 1086 956 
25945 203 1085 1086 954 
25946 203 954 953 1085 
25947 203 1056 925 13 
25948 203 1097 1098 966 
25949 203 967 1098 968 
25950 203 1099 1100 968 
25951 203 1100 1101 970 
25952 203 1102 971 1101 
25953 203 1102 1103 972 
25954 203 1104 973 1103 
25955 203 1104 1105 974 
25956 203 1106 975 1105 
25957 203 1106 1107 976 
25958 203 1108 977 1107 
25959 203 1108 1109 978 
25960 203 1110 979 1109 
25961 203 1110 1111 980 
25962 203 1100 970 969 
25963 203 968 1100 969 
25964 203 1102 972 971 
25965 203 970 1101 971 
25966 203 1104 974 973 
25967 203 972 1103 973 
25968 203 1106 976 975 
25969 203 974 1105 975 
25970 203 1108 978 977 
25971 203 976 1107 977 
25972 203 1110 980 979 
25973 203 978 1109 979 
25974 203 1112 981 1111 
25975 203 1099 968 1098 
25976 203 1098 967 966 
25977 203 1112 1113 982 
25978 203 1114 983 1113 
25979 203 1114 1115 984 
25980 203 1116 985 1115 
25981 203 1116 1117 986 
25982 203 1118 987 1117 
25983 203 1118 1119 988 
25984 203 1120 989 1119 
25985 203 1120 1121 990 
25986 203 1122 991 1121 
25987 203 1122 1123 992 
25988 203 1124 993 1123 
25989 203 1124 1125 994 
25990 203 1125 1126 994 
25991 203 995 994 1126 
25992 203 994 993 1124 
25993 203 992 1123 993 
25994 203 992 991 1122 
25995 203 990 1121 991 
25996 203 990 989 1120 
25997 203 988 1119 989 
25998 203 988 987 1118 
25999 203 986 1117 987 
26000 203 986 985 1116 
26001 203 984 1115 985 
26002 203 984 983 1114 
26003 203 982 1113 983 
26004 203 982 981 1112 
26005 203 980 1111 981 
26006 203 12469 16 12468 
26007 203 1127 1128 997 
26008 203 1129 998 1128 
26009 203 1129 1130 999 
26010 203 1131 1000 1130 
26011 203 1131 1132 1001 
26012 203 1133 1002 1132 
26013 203 1003 1002 1134 
26014 203 1004 1003 1135 
26015 203 1135 1136 1005 
26016 203 1006 1005 1137 
26017 203 1007 1006 1138 
26018 203 1008 1007 1139 
26019 203 1009 1008 1140 
26020 203 1140 1141 1009 
26021 203 1010 1009 1141 
26022 203 1139 1140 1008 
26023 203 1138 1139 1007 
26024 203 1137 1138 1006 
26025 203 1136 1137 1005 
26026 203 1005 1004 1135 
26027 203 1134 1135 1003 
26028 203 1133 1134 1002 
26029 203 1001 1132 1002 
26030 203 1001 1000 1131 
26031 203 999 1130 1000 
26032 203 999 998 1129 
26033 203 997 1128 998 
26034 203 997 996 1127 
26035 203 1127 996 995 
26036 203 15 12469 12468 
26037 203 1126 1127 995 
26038 203 1142 1143 1012 
26039 203 1144 1013 1143 
26040 203 1014 1013 1145 
26041 203 1146 1015 1145 
26042 203 1146 1147 1016 
26043 203 1148 1017 1147 
26044 203 1148 1149 1018 
26045 203 1150 1019 1149 
26046 203 1020 1019 1151 
26047 203 1152 1021 1151 
26048 203 1152 1153 1022 
26049 203 1022 1021 1152 
26050 203 1020 1151 1021 
26051 203 1150 1151 1019 
26052 203 1018 1149 1019 
26053 203 1018 1017 1148 
26054 203 1016 1147 1017 
26055 203 1016 1015 1146 
26056 203 1014 1145 1015 
26057 203 1144 1145 1013 
26058 203 1012 1143 1013 
26059 203 1012 1011 1142 
26060 203 15 1055 12469 
26061 203 1142 1011 1010 
26062 203 1186 16 12469 
26063 203 1154 1155 1024 
26064 203 1156 1025 1155 
26065 203 1156 1157 1026 
26066 203 1157 1158 1026 
26067 203 1158 1159 1027 
26068 203 1029 1028 1160 
26069 203 1160 1161 1029 
26070 203 1031 1030 1162 
26071 203 1162 1163 1031 
26072 203 1033 1032 1164 
26073 203 1164 1165 1033 
26074 203 1165 1166 1035 
26075 203 1035 1034 1165 
26076 203 1034 1033 1165 
26077 203 1163 1164 1032 
26078 203 1032 1031 1163 
26079 203 1161 1162 1030 
26080 203 1030 1029 1161 
26081 203 1159 1160 1028 
26082 203 1028 1027 1159 
26083 203 1027 1026 1158 
26084 203 1026 1025 1156 
26085 203 1024 1155 1025 
26086 203 1024 1023 1154 
26087 203 1154 1023 1022 
26088 203 1178 1179 1047 
26089 203 1141 1142 1010 
26090 203 1167 1168 1036 
26091 203 1038 1037 1169 
26092 203 1169 1170 1038 
26093 203 1040 1039 1171 
26094 203 1171 1172 1040 
26095 203 1042 1041 1173 
26096 203 1173 1174 1042 
26097 203 1044 1043 1175 
26098 203 1175 1176 1044 
26099 203 1046 1045 1177 
26100 203 1177 1178 1046 
26101 203 1047 1046 1178 
26102 203 1176 1177 1045 
26103 203 1045 1044 1176 
26104 203 1174 1175 1043 
26105 203 1043 1042 1174 
26106 203 1172 1173 1041 
26107 203 1041 1040 1172 
26108 203 1170 1171 1039 
26109 203 1039 1038 1170 
26110 203 1168 1169 1037 
26111 203 1037 1036 1168 
26112 203 1166 1167 1035 
26113 203 1167 1036 1035 
26114 203 1179 1048 1047 
26115 203 1153 1154 1022 
26116 203 1179 1180 1048 
26117 203 1180 1181 1049 
26118 203 1051 1050 1182 
26119 203 1182 1183 1051 
26120 203 1053 1052 1184 
26121 203 1184 1185 1053 
26122 203 1185 1186 1055 
26123 203 1055 1054 1185 
26124 203 1054 1053 1185 
26125 203 1183 1184 1052 
26126 203 1052 1051 1183 
26127 203 1181 1182 1050 
26128 203 1050 1049 1181 
26129 203 1049 1048 1180 
26130 203 1055 1186 12469 
26131 203 1413 1414 1287 
26132 203 1414 1415 1287 
26133 203 1289 1288 1416 
26134 203 1416 1417 1289 
26135 203 1417 1418 1291 
26136 203 1419 1292 1418 
26137 203 1419 1420 1293 
26138 203 1421 1294 1420 
26139 203 1421 1422 1295 
26140 203 1423 1296 1422 
26141 203 1423 1424 1297 
26142 203 1425 1298 1424 
26143 203 1425 1426 1299 
26144 203 1427 1300 1426 
26145 203 1427 1428 1301 
26146 203 1429 1302 1428 
26147 203 1429 1430 1303 
26148 203 1431 1304 1430 
26149 203 1431 1432 1305 
26150 203 1433 1306 1432 
26151 203 1307 1306 1434 
26152 203 1435 1308 1434 
26153 203 1309 1308 1436 
26154 203 1437 1310 1436 
26155 203 1437 1438 1311 
26156 203 1439 1312 1438 
26157 203 1313 1312 1440 
26158 203 1440 10 9 
26159 203 9 1313 1440 
26160 203 1287 1286 1413 
26161 203 15 16 12470 
26162 203 1400 1401 1274 
26163 203 1401 1402 1274 
26164 203 1275 1402 1276 
26165 203 1404 1277 1403 
26166 203 1278 1277 1405 
26167 203 1405 1406 1278 
26168 203 1407 1280 1406 
26169 203 1280 1407 1281 
26170 203 1408 1409 1281 
26171 203 1283 1282 1410 
26172 203 1410 1411 1283 
26173 203 1411 1412 1285 
26174 203 1412 1413 1286 
26175 203 1287 1415 1288 
26176 203 1417 1291 1290 
26177 203 1289 1417 1290 
26178 203 1419 1293 1292 
26179 203 1291 1418 1292 
26180 203 1421 1295 1294 
26181 203 1293 1420 1294 
26182 203 1423 1297 1296 
26183 203 1295 1422 1296 
26184 203 1425 1299 1298 
26185 203 1297 1424 1298 
26186 203 1427 1301 1300 
26187 203 1299 1426 1300 
26188 203 1429 1303 1302 
26189 203 1301 1428 1302 
26190 203 1431 1305 1304 
26191 203 1303 1430 1304 
26192 203 1433 1434 1306 
26193 203 1305 1432 1306 
26194 203 1435 1436 1308 
26195 203 1307 1434 1308 
26196 203 1437 1311 1310 
26197 203 1309 1436 1310 
26198 203 1439 1440 1312 
26199 203 1311 1438 1312 
26200 203 1400 1274 1273 
26201 203 1274 1402 1275 
26202 203 1404 1405 1277 
26203 203 1276 1403 1277 
26204 203 1406 1279 1278 
26205 203 1279 1406 1280 
26206 203 1408 1281 1407 
26207 203 1281 1409 1282 
26208 203 1411 1285 1284 
26209 203 1283 1411 1284 
26210 203 1285 1412 1286 
26211 203 1403 1276 1402 
26212 203 1415 1416 1288 
26213 203 1409 1410 1282 
26214 203 1386 1387 1260 
26215 203 1387 1388 1260 
26216 203 1262 1261 1389 
26217 203 1390 1263 1389 
26218 203 1390 1391 1264 
26219 203 1392 1265 1391 
26220 203 1392 1393 1266 
26221 203 1394 1267 1393 
26222 203 1394 1395 1268 
26223 203 1396 1269 1395 
26224 203 1396 1397 1270 
26225 203 1398 1271 1397 
26226 203 1398 1399 1272 
26227 203 1399 1400 1273 
26228 203 1260 1388 1261 
26229 203 1390 1264 1263 
26230 203 1262 1389 1263 
26231 203 1392 1266 1265 
26232 203 1264 1391 1265 
26233 203 1394 1268 1267 
26234 203 1266 1393 1267 
26235 203 1396 1270 1269 
26236 203 1268 1395 1269 
26237 203 1398 1272 1271 
26238 203 1270 1397 1271 
26239 203 1272 1399 1273 
26240 203 1386 1260 1259 
26241 203 1388 1389 1261 
26242 203 1372 1373 1246 
26243 203 1373 1374 1246 
26244 203 1248 1247 1375 
26245 203 1375 1376 1248 
26246 203 1376 1377 1250 
26247 203 1378 1251 1377 
26248 203 1378 1379 1252 
26249 203 1380 1253 1379 
26250 203 1380 1381 1254 
26251 203 1381 1382 1254 
26252 203 1382 1383 1255 
26253 203 1383 1384 1257 
26254 203 1385 1258 1384 
26255 203 1385 1386 1259 
26256 203 1246 1374 1247 
26257 203 1376 1250 1249 
26258 203 1248 1376 1249 
26259 203 1378 1252 1251 
26260 203 1250 1377 1251 
26261 203 1380 1254 1253 
26262 203 1252 1379 1253 
26263 203 1382 1255 1254 
26264 203 1255 1383 1256 
26265 203 1383 1257 1256 
26266 203 1257 1384 1258 
26267 203 1372 1246 1245 
26268 203 1385 1259 1258 
26269 203 1374 1375 1247 
26270 203 1232 1231 1359 
26271 203 1359 1360 1232 
26272 203 1234 1233 1361 
26273 203 1361 1362 1234 
26274 203 1236 1235 1363 
26275 203 1363 1364 1236 
26276 203 1364 1365 1237 
26277 203 1239 1238 1366 
26278 203 1366 1367 1239 
26279 203 1241 1240 1368 
26280 203 1369 1242 1368 
26281 203 1369 1370 1243 
26282 203 1371 1244 1370 
26283 203 1371 1372 1245 
26284 203 1232 1360 1233 
26285 203 1362 1363 1235 
26286 203 1234 1362 1235 
26287 203 1364 1237 1236 
26288 203 1237 1365 1238 
26289 203 1365 1366 1238 
26290 203 1239 1367 1240 
26291 203 1369 1243 1242 
26292 203 1241 1368 1242 
26293 203 1371 1245 1244 
26294 203 1243 1370 1244 
26295 203 1367 1368 1240 
26296 203 1360 1361 1233 
26297 203 1358 1359 1231 
26298 203 15 12471 1187 
26299 203 1345 1346 1219 
26300 203 1346 1347 1219 
26301 203 1222 1221 1349 
26302 203 1349 1350 1222 
26303 203 1350 1351 1223 
26304 203 1351 1352 1224 
26305 203 1226 1225 1353 
26306 203 1353 1354 1226 
26307 203 1228 1227 1355 
26308 203 1355 1356 1228 
26309 203 1230 1229 1357 
26310 203 1230 1357 1231 
26311 203 1219 1347 1220 
26312 203 1350 1223 1222 
26313 203 1223 1351 1224 
26314 203 1352 1353 1225 
26315 203 1226 1354 1227 
26316 203 1356 1357 1229 
26317 203 1228 1356 1229 
26318 203 1220 1347 1221 
26319 203 1354 1355 1227 
26320 203 1224 1352 1225 
26321 203 1345 1219 1218 
26322 203 1348 1349 1221 
26323 203 16 12471 12470 
26324 203 15 12470 12471 
26325 203 1334 1335 1208 
26326 203 1335 1336 1208 
26327 203 1210 1209 1337 
26328 203 1337 1338 1210 
26329 203 1338 1339 1212 
26330 203 1340 1213 1339 
26331 203 1340 1341 1214 
26332 203 1342 1215 1341 
26333 203 1342 1343 1216 
26334 203 1343 1344 1216 
26335 203 1208 1336 1209 
26336 203 1338 1212 1211 
26337 203 1210 1338 1211 
26338 203 1340 1214 1213 
26339 203 1212 1339 1213 
26340 203 1342 1216 1215 
26341 203 1214 1341 1215 
26342 203 1336 1337 1209 
26343 203 1216 1344 1217 
26344 203 1334 1208 1207 
26345 203 1217 1344 1218 
26346 203 16 1314 12471 
26347 203 1322 1323 1196 
26348 203 1323 1324 1196 
26349 203 1198 1197 1325 
26350 203 1325 1326 1198 
26351 203 1326 1327 1200 
26352 203 1328 1201 1327 
26353 203 1328 1329 1202 
26354 203 1329 1330 1202 
26355 203 1330 1331 1203 
26356 203 1205 1204 1332 
26357 203 1332 1333 1205 
26358 203 1357 1358 1231 
26359 203 1321 1322 1195 
26360 203 1196 1324 1197 
26361 203 1326 1200 1199 
26362 203 1198 1326 1199 
26363 203 1328 1202 1201 
26364 203 1200 1327 1201 
26365 203 1330 1203 1202 
26366 203 1203 1331 1204 
26367 203 1331 1332 1204 
26368 203 1205 1333 1206 
26369 203 1206 1333 1207 
26370 203 1324 1325 1197 
26371 203 1322 1196 1195 
26372 203 1333 1334 1207 
26373 203 1314 1315 1188 
26374 203 1315 1316 1188 
26375 203 1190 1189 1317 
26376 203 1317 1318 1190 
26377 203 1318 1319 1192 
26378 203 1320 1193 1319 
26379 203 1320 1321 1194 
26380 203 1344 1345 1218 
26381 203 1347 1348 1221 
26382 203 1194 1321 1195 
26383 203 1188 1316 1189 
26384 203 1318 1192 1191 
26385 203 1190 1318 1191 
26386 203 1320 1194 1193 
26387 203 1192 1319 1193 
26388 203 1316 1317 1189 
26389 203 1314 1187 12471 
26390 203 1314 1188 1187 
